record_id,query_group_id,track_id,regime_name,condition_name,query_length_seconds,group_size,segment_index,start_sample,end_sample,start_seconds,end_seconds,apply_fade_envelope,cache_key
combined_moderate:182:combined_moderate:1.00:0,combined_moderate:182:combined_moderate:1.00,182,combined_moderate,combined_moderate,1.0,1,0,359861,375861,22.4913125,23.4913125,False,f9a3807c3514c924
combined_moderate:182:combined_moderate:2.00:0,combined_moderate:182:combined_moderate:2.00,182,combined_moderate,combined_moderate,2.0,1,0,425243,457243,26.5776875,28.5776875,False,f9a3807c3514c924
combined_moderate:182:combined_moderate:3.00:0,combined_moderate:182:combined_moderate:3.00,182,combined_moderate,combined_moderate,3.0,1,0,346916,394916,21.68225,24.68225,False,f9a3807c3514c924
combined_moderate:704:combined_moderate:1.00:0,combined_moderate:704:combined_moderate:1.00,704,combined_moderate,combined_moderate,1.0,1,0,309896,325896,19.3685,20.3685,False,f9a3807c3514c924
combined_moderate:704:combined_moderate:2.00:0,combined_moderate:704:combined_moderate:2.00,704,combined_moderate,combined_moderate,2.0,1,0,439345,471345,27.4590625,29.4590625,False,f9a3807c3514c924
combined_moderate:704:combined_moderate:3.00:0,combined_moderate:704:combined_moderate:3.00,704,combined_moderate,combined_moderate,3.0,1,0,10859,58859,0.6786875,3.6786875,False,f9a3807c3514c924
combined_moderate:705:combined_moderate:1.00:0,combined_moderate:705:combined_moderate:1.00,705,combined_moderate,combined_moderate,1.0,1,0,377368,393368,23.5855,24.5855,False,f9a3807c3514c924
combined_moderate:705:combined_moderate:2.00:0,combined_moderate:705:combined_moderate:2.00,705,combined_moderate,combined_moderate,2.0,1,0,59837,91837,3.7398125,5.7398125,False,f9a3807c3514c924
combined_moderate:705:combined_moderate:3.00:0,combined_moderate:705:combined_moderate:3.00,705,combined_moderate,combined_moderate,3.0,1,0,143957,191957,8.9973125,11.9973125,False,f9a3807c3514c924
combined_moderate:706:combined_moderate:1.00:0,combined_moderate:706:combined_moderate:1.00,706,combined_moderate,combined_moderate,1.0,1,0,143149,159149,8.9468125,9.9468125,False,f9a3807c3514c924
combined_moderate:706:combined_moderate:2.00:0,combined_moderate:706:combined_moderate:2.00,706,combined_moderate,combined_moderate,2.0,1,0,324795,356795,20.2996875,22.2996875,False,f9a3807c3514c924
combined_moderate:706:combined_moderate:3.00:0,combined_moderate:706:combined_moderate:3.00,706,combined_moderate,combined_moderate,3.0,1,0,6696,54696,0.4185,3.4185,False,f9a3807c3514c924
combined_moderate:707:combined_moderate:1.00:0,combined_moderate:707:combined_moderate:1.00,707,combined_moderate,combined_moderate,1.0,1,0,408222,424222,25.513875,26.513875,False,f9a3807c3514c924
combined_moderate:707:combined_moderate:2.00:0,combined_moderate:707:combined_moderate:2.00,707,combined_moderate,combined_moderate,2.0,1,0,11122,43122,0.695125,2.695125,False,f9a3807c3514c924
combined_moderate:707:combined_moderate:3.00:0,combined_moderate:707:combined_moderate:3.00,707,combined_moderate,combined_moderate,3.0,1,0,262335,310335,16.3959375,19.3959375,False,f9a3807c3514c924
combined_moderate:708:combined_moderate:1.00:0,combined_moderate:708:combined_moderate:1.00,708,combined_moderate,combined_moderate,1.0,1,0,359140,375140,22.44625,23.44625,False,f9a3807c3514c924
combined_moderate:708:combined_moderate:2.00:0,combined_moderate:708:combined_moderate:2.00,708,combined_moderate,combined_moderate,2.0,1,0,305520,337520,19.095,21.095,False,f9a3807c3514c924
combined_moderate:708:combined_moderate:3.00:0,combined_moderate:708:combined_moderate:3.00,708,combined_moderate,combined_moderate,3.0,1,0,19159,67159,1.1974375,4.1974375,False,f9a3807c3514c924
combined_moderate:709:combined_moderate:1.00:0,combined_moderate:709:combined_moderate:1.00,709,combined_moderate,combined_moderate,1.0,1,0,121276,137276,7.57975,8.57975,False,f9a3807c3514c924
combined_moderate:709:combined_moderate:2.00:0,combined_moderate:709:combined_moderate:2.00,709,combined_moderate,combined_moderate,2.0,1,0,269284,301284,16.83025,18.83025,False,f9a3807c3514c924
combined_moderate:709:combined_moderate:3.00:0,combined_moderate:709:combined_moderate:3.00,709,combined_moderate,combined_moderate,3.0,1,0,114696,162696,7.1685,10.1685,False,f9a3807c3514c924
combined_moderate:890:combined_moderate:1.00:0,combined_moderate:890:combined_moderate:1.00,890,combined_moderate,combined_moderate,1.0,1,0,101572,117572,6.34825,7.34825,False,f9a3807c3514c924
combined_moderate:890:combined_moderate:2.00:0,combined_moderate:890:combined_moderate:2.00,890,combined_moderate,combined_moderate,2.0,1,0,53922,85922,3.370125,5.370125,False,f9a3807c3514c924
combined_moderate:890:combined_moderate:3.00:0,combined_moderate:890:combined_moderate:3.00,890,combined_moderate,combined_moderate,3.0,1,0,427786,475786,26.736625,29.736625,False,f9a3807c3514c924
combined_moderate:892:combined_moderate:1.00:0,combined_moderate:892:combined_moderate:1.00,892,combined_moderate,combined_moderate,1.0,1,0,45907,61907,2.8691875,3.8691875,False,f9a3807c3514c924
combined_moderate:892:combined_moderate:2.00:0,combined_moderate:892:combined_moderate:2.00,892,combined_moderate,combined_moderate,2.0,1,0,334804,366804,20.92525,22.92525,False,f9a3807c3514c924
combined_moderate:892:combined_moderate:3.00:0,combined_moderate:892:combined_moderate:3.00,892,combined_moderate,combined_moderate,3.0,1,0,394916,442916,24.68225,27.68225,False,f9a3807c3514c924
combined_moderate:1066:combined_moderate:1.00:0,combined_moderate:1066:combined_moderate:1.00,1066,combined_moderate,combined_moderate,1.0,1,0,362904,378904,22.6815,23.6815,False,f9a3807c3514c924
combined_moderate:1066:combined_moderate:2.00:0,combined_moderate:1066:combined_moderate:2.00,1066,combined_moderate,combined_moderate,2.0,1,0,331864,363864,20.7415,22.7415,False,f9a3807c3514c924
combined_moderate:1066:combined_moderate:3.00:0,combined_moderate:1066:combined_moderate:3.00,1066,combined_moderate,combined_moderate,3.0,1,0,261959,309959,16.3724375,19.3724375,False,f9a3807c3514c924
combined_moderate:1069:combined_moderate:1.00:0,combined_moderate:1069:combined_moderate:1.00,1069,combined_moderate,combined_moderate,1.0,1,0,426759,442759,26.6724375,27.6724375,False,f9a3807c3514c924
combined_moderate:1069:combined_moderate:2.00:0,combined_moderate:1069:combined_moderate:2.00,1069,combined_moderate,combined_moderate,2.0,1,0,161364,193364,10.08525,12.08525,False,f9a3807c3514c924
combined_moderate:1069:combined_moderate:3.00:0,combined_moderate:1069:combined_moderate:3.00,1069,combined_moderate,combined_moderate,3.0,1,0,407265,455265,25.4540625,28.4540625,False,f9a3807c3514c924
combined_moderate:1073:combined_moderate:1.00:0,combined_moderate:1073:combined_moderate:1.00,1073,combined_moderate,combined_moderate,1.0,1,0,321707,337707,20.1066875,21.1066875,False,f9a3807c3514c924
combined_moderate:1073:combined_moderate:2.00:0,combined_moderate:1073:combined_moderate:2.00,1073,combined_moderate,combined_moderate,2.0,1,0,356511,388511,22.2819375,24.2819375,False,f9a3807c3514c924
combined_moderate:1073:combined_moderate:3.00:0,combined_moderate:1073:combined_moderate:3.00,1073,combined_moderate,combined_moderate,3.0,1,0,20021,68021,1.2513125,4.2513125,False,f9a3807c3514c924
combined_moderate:1075:combined_moderate:1.00:0,combined_moderate:1075:combined_moderate:1.00,1075,combined_moderate,combined_moderate,1.0,1,0,33705,49705,2.1065625,3.1065625,False,f9a3807c3514c924
combined_moderate:1075:combined_moderate:2.00:0,combined_moderate:1075:combined_moderate:2.00,1075,combined_moderate,combined_moderate,2.0,1,0,18470,50470,1.154375,3.154375,False,f9a3807c3514c924
combined_moderate:1075:combined_moderate:3.00:0,combined_moderate:1075:combined_moderate:3.00,1075,combined_moderate,combined_moderate,3.0,1,0,65472,113472,4.092,7.092,False,f9a3807c3514c924
combined_moderate:1249:combined_moderate:1.00:0,combined_moderate:1249:combined_moderate:1.00,1249,combined_moderate,combined_moderate,1.0,1,0,435071,451071,27.1919375,28.1919375,False,f9a3807c3514c924
combined_moderate:1249:combined_moderate:2.00:0,combined_moderate:1249:combined_moderate:2.00,1249,combined_moderate,combined_moderate,2.0,1,0,41352,73352,2.5845,4.5845,False,f9a3807c3514c924
combined_moderate:1249:combined_moderate:3.00:0,combined_moderate:1249:combined_moderate:3.00,1249,combined_moderate,combined_moderate,3.0,1,0,154150,202150,9.634375,12.634375,False,f9a3807c3514c924
combined_moderate:1259:combined_moderate:1.00:0,combined_moderate:1259:combined_moderate:1.00,1259,combined_moderate,combined_moderate,1.0,1,0,395812,411812,24.73825,25.73825,False,f9a3807c3514c924
combined_moderate:1259:combined_moderate:2.00:0,combined_moderate:1259:combined_moderate:2.00,1259,combined_moderate,combined_moderate,2.0,1,0,88202,120202,5.512625,7.512625,False,f9a3807c3514c924
combined_moderate:1259:combined_moderate:3.00:0,combined_moderate:1259:combined_moderate:3.00,1259,combined_moderate,combined_moderate,3.0,1,0,125299,173299,7.8311875,10.8311875,False,f9a3807c3514c924
combined_moderate:3624:combined_moderate:1.00:0,combined_moderate:3624:combined_moderate:1.00,3624,combined_moderate,combined_moderate,1.0,1,0,364647,380647,22.7904375,23.7904375,False,f9a3807c3514c924
combined_moderate:3624:combined_moderate:2.00:0,combined_moderate:3624:combined_moderate:2.00,3624,combined_moderate,combined_moderate,2.0,1,0,26658,58658,1.666125,3.666125,False,f9a3807c3514c924
combined_moderate:3624:combined_moderate:3.00:0,combined_moderate:3624:combined_moderate:3.00,3624,combined_moderate,combined_moderate,3.0,1,0,350275,398275,21.8921875,24.8921875,False,f9a3807c3514c924
combined_moderate:4108:combined_moderate:1.00:0,combined_moderate:4108:combined_moderate:1.00,4108,combined_moderate,combined_moderate,1.0,1,0,160342,176342,10.021375,11.021375,False,f9a3807c3514c924
combined_moderate:4108:combined_moderate:2.00:0,combined_moderate:4108:combined_moderate:2.00,4108,combined_moderate,combined_moderate,2.0,1,0,93188,125188,5.82425,7.82425,False,f9a3807c3514c924
combined_moderate:4108:combined_moderate:3.00:0,combined_moderate:4108:combined_moderate:3.00,4108,combined_moderate,combined_moderate,3.0,1,0,416058,464058,26.003625,29.003625,False,f9a3807c3514c924
combined_moderate:7373:combined_moderate:1.00:0,combined_moderate:7373:combined_moderate:1.00,7373,combined_moderate,combined_moderate,1.0,1,0,39029,55029,2.4393125,3.4393125,False,f9a3807c3514c924
combined_moderate:7373:combined_moderate:2.00:0,combined_moderate:7373:combined_moderate:2.00,7373,combined_moderate,combined_moderate,2.0,1,0,426757,458757,26.6723125,28.6723125,False,f9a3807c3514c924
combined_moderate:7373:combined_moderate:3.00:0,combined_moderate:7373:combined_moderate:3.00,7373,combined_moderate,combined_moderate,3.0,1,0,300397,348397,18.7748125,21.7748125,False,f9a3807c3514c924
combined_moderate:7374:combined_moderate:1.00:0,combined_moderate:7374:combined_moderate:1.00,7374,combined_moderate,combined_moderate,1.0,1,0,84562,100562,5.285125,6.285125,False,f9a3807c3514c924
combined_moderate:7374:combined_moderate:2.00:0,combined_moderate:7374:combined_moderate:2.00,7374,combined_moderate,combined_moderate,2.0,1,0,297174,329174,18.573375,20.573375,False,f9a3807c3514c924
combined_moderate:7374:combined_moderate:3.00:0,combined_moderate:7374:combined_moderate:3.00,7374,combined_moderate,combined_moderate,3.0,1,0,15075,63075,0.9421875,3.9421875,False,f9a3807c3514c924
combined_moderate:7375:combined_moderate:1.00:0,combined_moderate:7375:combined_moderate:1.00,7375,combined_moderate,combined_moderate,1.0,1,0,434878,450878,27.179875,28.179875,False,f9a3807c3514c924
combined_moderate:7375:combined_moderate:2.00:0,combined_moderate:7375:combined_moderate:2.00,7375,combined_moderate,combined_moderate,2.0,1,0,111006,143006,6.937875,8.937875,False,f9a3807c3514c924
combined_moderate:7375:combined_moderate:3.00:0,combined_moderate:7375:combined_moderate:3.00,7375,combined_moderate,combined_moderate,3.0,1,0,46235,94235,2.8896875,5.8896875,False,f9a3807c3514c924
combined_moderate:7376:combined_moderate:1.00:0,combined_moderate:7376:combined_moderate:1.00,7376,combined_moderate,combined_moderate,1.0,1,0,151353,167353,9.4595625,10.4595625,False,f9a3807c3514c924
combined_moderate:7376:combined_moderate:2.00:0,combined_moderate:7376:combined_moderate:2.00,7376,combined_moderate,combined_moderate,2.0,1,0,385740,417740,24.10875,26.10875,False,f9a3807c3514c924
combined_moderate:7376:combined_moderate:3.00:0,combined_moderate:7376:combined_moderate:3.00,7376,combined_moderate,combined_moderate,3.0,1,0,166208,214208,10.388,13.388,False,f9a3807c3514c924
combined_moderate:7377:combined_moderate:1.00:0,combined_moderate:7377:combined_moderate:1.00,7377,combined_moderate,combined_moderate,1.0,1,0,441431,457431,27.5894375,28.5894375,False,f9a3807c3514c924
combined_moderate:7377:combined_moderate:2.00:0,combined_moderate:7377:combined_moderate:2.00,7377,combined_moderate,combined_moderate,2.0,1,0,387002,419002,24.187625,26.187625,False,f9a3807c3514c924
combined_moderate:7377:combined_moderate:3.00:0,combined_moderate:7377:combined_moderate:3.00,7377,combined_moderate,combined_moderate,3.0,1,0,298906,346906,18.681625,21.681625,False,f9a3807c3514c924
combined_moderate:7378:combined_moderate:1.00:0,combined_moderate:7378:combined_moderate:1.00,7378,combined_moderate,combined_moderate,1.0,1,0,112150,128150,7.009375,8.009375,False,f9a3807c3514c924
combined_moderate:7378:combined_moderate:2.00:0,combined_moderate:7378:combined_moderate:2.00,7378,combined_moderate,combined_moderate,2.0,1,0,423708,455708,26.48175,28.48175,False,f9a3807c3514c924
combined_moderate:7378:combined_moderate:3.00:0,combined_moderate:7378:combined_moderate:3.00,7378,combined_moderate,combined_moderate,3.0,1,0,45764,93764,2.86025,5.86025,False,f9a3807c3514c924
combined_moderate:7379:combined_moderate:1.00:0,combined_moderate:7379:combined_moderate:1.00,7379,combined_moderate,combined_moderate,1.0,1,0,73198,89198,4.574875,5.574875,False,f9a3807c3514c924
combined_moderate:7379:combined_moderate:2.00:0,combined_moderate:7379:combined_moderate:2.00,7379,combined_moderate,combined_moderate,2.0,1,0,375088,407088,23.443,25.443,False,f9a3807c3514c924
combined_moderate:7379:combined_moderate:3.00:0,combined_moderate:7379:combined_moderate:3.00,7379,combined_moderate,combined_moderate,3.0,1,0,167704,215704,10.4815,13.4815,False,f9a3807c3514c924
combined_moderate:7381:combined_moderate:1.00:0,combined_moderate:7381:combined_moderate:1.00,7381,combined_moderate,combined_moderate,1.0,1,0,134584,150584,8.4115,9.4115,False,f9a3807c3514c924
combined_moderate:7381:combined_moderate:2.00:0,combined_moderate:7381:combined_moderate:2.00,7381,combined_moderate,combined_moderate,2.0,1,0,122190,154190,7.636875,9.636875,False,f9a3807c3514c924
combined_moderate:7381:combined_moderate:3.00:0,combined_moderate:7381:combined_moderate:3.00,7381,combined_moderate,combined_moderate,3.0,1,0,81143,129143,5.0714375,8.0714375,False,f9a3807c3514c924
combined_moderate:7383:combined_moderate:1.00:0,combined_moderate:7383:combined_moderate:1.00,7383,combined_moderate,combined_moderate,1.0,1,0,67124,83124,4.19525,5.19525,False,f9a3807c3514c924
combined_moderate:7383:combined_moderate:2.00:0,combined_moderate:7383:combined_moderate:2.00,7383,combined_moderate,combined_moderate,2.0,1,0,17186,49186,1.074125,3.074125,False,f9a3807c3514c924
combined_moderate:7383:combined_moderate:3.00:0,combined_moderate:7383:combined_moderate:3.00,7383,combined_moderate,combined_moderate,3.0,1,0,3731,51731,0.2331875,3.2331875,False,f9a3807c3514c924
combined_moderate:7385:combined_moderate:1.00:0,combined_moderate:7385:combined_moderate:1.00,7385,combined_moderate,combined_moderate,1.0,1,0,319028,335028,19.93925,20.93925,False,f9a3807c3514c924
combined_moderate:7385:combined_moderate:2.00:0,combined_moderate:7385:combined_moderate:2.00,7385,combined_moderate,combined_moderate,2.0,1,0,363253,395253,22.7033125,24.7033125,False,f9a3807c3514c924
combined_moderate:7385:combined_moderate:3.00:0,combined_moderate:7385:combined_moderate:3.00,7385,combined_moderate,combined_moderate,3.0,1,0,162647,210647,10.1654375,13.1654375,False,f9a3807c3514c924
combined_moderate:7386:combined_moderate:1.00:0,combined_moderate:7386:combined_moderate:1.00,7386,combined_moderate,combined_moderate,1.0,1,0,117240,133240,7.3275,8.3275,False,f9a3807c3514c924
combined_moderate:7386:combined_moderate:2.00:0,combined_moderate:7386:combined_moderate:2.00,7386,combined_moderate,combined_moderate,2.0,1,0,135523,167523,8.4701875,10.4701875,False,f9a3807c3514c924
combined_moderate:7386:combined_moderate:3.00:0,combined_moderate:7386:combined_moderate:3.00,7386,combined_moderate,combined_moderate,3.0,1,0,368893,416893,23.0558125,26.0558125,False,f9a3807c3514c924
combined_moderate:7388:combined_moderate:1.00:0,combined_moderate:7388:combined_moderate:1.00,7388,combined_moderate,combined_moderate,1.0,1,0,128156,144156,8.00975,9.00975,False,f9a3807c3514c924
combined_moderate:7388:combined_moderate:2.00:0,combined_moderate:7388:combined_moderate:2.00,7388,combined_moderate,combined_moderate,2.0,1,0,138485,170485,8.6553125,10.6553125,False,f9a3807c3514c924
combined_moderate:7388:combined_moderate:3.00:0,combined_moderate:7388:combined_moderate:3.00,7388,combined_moderate,combined_moderate,3.0,1,0,331947,379947,20.7466875,23.7466875,False,f9a3807c3514c924
combined_moderate:7391:combined_moderate:1.00:0,combined_moderate:7391:combined_moderate:1.00,7391,combined_moderate,combined_moderate,1.0,1,0,133973,149973,8.3733125,9.3733125,False,f9a3807c3514c924
combined_moderate:7391:combined_moderate:2.00:0,combined_moderate:7391:combined_moderate:2.00,7391,combined_moderate,combined_moderate,2.0,1,0,4879,36879,0.3049375,2.3049375,False,f9a3807c3514c924
combined_moderate:7391:combined_moderate:3.00:0,combined_moderate:7391:combined_moderate:3.00,7391,combined_moderate,combined_moderate,3.0,1,0,354099,402099,22.1311875,25.1311875,False,f9a3807c3514c924
combined_moderate:7393:combined_moderate:1.00:0,combined_moderate:7393:combined_moderate:1.00,7393,combined_moderate,combined_moderate,1.0,1,0,367283,383283,22.9551875,23.9551875,False,f9a3807c3514c924
combined_moderate:7393:combined_moderate:2.00:0,combined_moderate:7393:combined_moderate:2.00,7393,combined_moderate,combined_moderate,2.0,1,0,395007,427007,24.6879375,26.6879375,False,f9a3807c3514c924
combined_moderate:7393:combined_moderate:3.00:0,combined_moderate:7393:combined_moderate:3.00,7393,combined_moderate,combined_moderate,3.0,1,0,125931,173931,7.8706875,10.8706875,False,f9a3807c3514c924
combined_moderate:9155:combined_moderate:1.00:0,combined_moderate:9155:combined_moderate:1.00,9155,combined_moderate,combined_moderate,1.0,1,0,116283,132283,7.2676875,8.2676875,False,f9a3807c3514c924
combined_moderate:9155:combined_moderate:2.00:0,combined_moderate:9155:combined_moderate:2.00,9155,combined_moderate,combined_moderate,2.0,1,0,95180,127180,5.94875,7.94875,False,f9a3807c3514c924
combined_moderate:9155:combined_moderate:3.00:0,combined_moderate:9155:combined_moderate:3.00,9155,combined_moderate,combined_moderate,3.0,1,0,306504,354504,19.1565,22.1565,False,f9a3807c3514c924
combined_moderate:10250:combined_moderate:1.00:0,combined_moderate:10250:combined_moderate:1.00,10250,combined_moderate,combined_moderate,1.0,1,0,305447,321447,19.0904375,20.0904375,False,f9a3807c3514c924
combined_moderate:10250:combined_moderate:2.00:0,combined_moderate:10250:combined_moderate:2.00,10250,combined_moderate,combined_moderate,2.0,1,0,20389,52389,1.2743125,3.2743125,False,f9a3807c3514c924
combined_moderate:10250:combined_moderate:3.00:0,combined_moderate:10250:combined_moderate:3.00,10250,combined_moderate,combined_moderate,3.0,1,0,295882,343882,18.492625,21.492625,False,f9a3807c3514c924
combined_moderate:10381:combined_moderate:1.00:0,combined_moderate:10381:combined_moderate:1.00,10381,combined_moderate,combined_moderate,1.0,1,0,336573,352573,21.0358125,22.0358125,False,f9a3807c3514c924
combined_moderate:10381:combined_moderate:2.00:0,combined_moderate:10381:combined_moderate:2.00,10381,combined_moderate,combined_moderate,2.0,1,0,334474,366474,20.904625,22.904625,False,f9a3807c3514c924
combined_moderate:10381:combined_moderate:3.00:0,combined_moderate:10381:combined_moderate:3.00,10381,combined_moderate,combined_moderate,3.0,1,0,279746,327746,17.484125,20.484125,False,f9a3807c3514c924
combined_moderate:10382:combined_moderate:1.00:0,combined_moderate:10382:combined_moderate:1.00,10382,combined_moderate,combined_moderate,1.0,1,0,11397,27397,0.7123125,1.7123125,False,f9a3807c3514c924
combined_moderate:10382:combined_moderate:2.00:0,combined_moderate:10382:combined_moderate:2.00,10382,combined_moderate,combined_moderate,2.0,1,0,405129,437129,25.3205625,27.3205625,False,f9a3807c3514c924
combined_moderate:10382:combined_moderate:3.00:0,combined_moderate:10382:combined_moderate:3.00,10382,combined_moderate,combined_moderate,3.0,1,0,469,48469,0.0293125,3.0293125,False,f9a3807c3514c924
combined_moderate:10383:combined_moderate:1.00:0,combined_moderate:10383:combined_moderate:1.00,10383,combined_moderate,combined_moderate,1.0,1,0,182391,198391,11.3994375,12.3994375,False,f9a3807c3514c924
combined_moderate:10383:combined_moderate:2.00:0,combined_moderate:10383:combined_moderate:2.00,10383,combined_moderate,combined_moderate,2.0,1,0,365778,397778,22.861125,24.861125,False,f9a3807c3514c924
combined_moderate:10383:combined_moderate:3.00:0,combined_moderate:10383:combined_moderate:3.00,10383,combined_moderate,combined_moderate,3.0,1,0,424399,472399,26.5249375,29.5249375,False,f9a3807c3514c924
combined_moderate:10384:combined_moderate:1.00:0,combined_moderate:10384:combined_moderate:1.00,10384,combined_moderate,combined_moderate,1.0,1,0,183614,199614,11.475875,12.475875,False,f9a3807c3514c924
combined_moderate:10384:combined_moderate:2.00:0,combined_moderate:10384:combined_moderate:2.00,10384,combined_moderate,combined_moderate,2.0,1,0,43820,75820,2.73875,4.73875,False,f9a3807c3514c924
combined_moderate:10384:combined_moderate:3.00:0,combined_moderate:10384:combined_moderate:3.00,10384,combined_moderate,combined_moderate,3.0,1,0,78258,126258,4.891125,7.891125,False,f9a3807c3514c924
combined_moderate:10385:combined_moderate:1.00:0,combined_moderate:10385:combined_moderate:1.00,10385,combined_moderate,combined_moderate,1.0,1,0,283223,299223,17.7014375,18.7014375,False,f9a3807c3514c924
combined_moderate:10385:combined_moderate:2.00:0,combined_moderate:10385:combined_moderate:2.00,10385,combined_moderate,combined_moderate,2.0,1,0,420002,452002,26.250125,28.250125,False,f9a3807c3514c924
combined_moderate:10385:combined_moderate:3.00:0,combined_moderate:10385:combined_moderate:3.00,10385,combined_moderate,combined_moderate,3.0,1,0,340056,388056,21.2535,24.2535,False,f9a3807c3514c924
combined_moderate:10386:combined_moderate:1.00:0,combined_moderate:10386:combined_moderate:1.00,10386,combined_moderate,combined_moderate,1.0,1,0,325195,341195,20.3246875,21.3246875,False,f9a3807c3514c924
combined_moderate:10386:combined_moderate:2.00:0,combined_moderate:10386:combined_moderate:2.00,10386,combined_moderate,combined_moderate,2.0,1,0,107900,139900,6.74375,8.74375,False,f9a3807c3514c924
combined_moderate:10386:combined_moderate:3.00:0,combined_moderate:10386:combined_moderate:3.00,10386,combined_moderate,combined_moderate,3.0,1,0,9142,57142,0.571375,3.571375,False,f9a3807c3514c924
combined_moderate:10387:combined_moderate:1.00:0,combined_moderate:10387:combined_moderate:1.00,10387,combined_moderate,combined_moderate,1.0,1,0,42554,58554,2.659625,3.659625,False,f9a3807c3514c924
combined_moderate:10387:combined_moderate:2.00:0,combined_moderate:10387:combined_moderate:2.00,10387,combined_moderate,combined_moderate,2.0,1,0,171619,203619,10.7261875,12.7261875,False,f9a3807c3514c924
combined_moderate:10387:combined_moderate:3.00:0,combined_moderate:10387:combined_moderate:3.00,10387,combined_moderate,combined_moderate,3.0,1,0,130016,178016,8.126,11.126,False,f9a3807c3514c924
combined_moderate:10388:combined_moderate:1.00:0,combined_moderate:10388:combined_moderate:1.00,10388,combined_moderate,combined_moderate,1.0,1,0,3363,19363,0.2101875,1.2101875,False,f9a3807c3514c924
combined_moderate:10388:combined_moderate:2.00:0,combined_moderate:10388:combined_moderate:2.00,10388,combined_moderate,combined_moderate,2.0,1,0,410294,442294,25.643375,27.643375,False,f9a3807c3514c924
combined_moderate:10388:combined_moderate:3.00:0,combined_moderate:10388:combined_moderate:3.00,10388,combined_moderate,combined_moderate,3.0,1,0,328715,376715,20.5446875,23.5446875,False,f9a3807c3514c924
combined_moderate:10389:combined_moderate:1.00:0,combined_moderate:10389:combined_moderate:1.00,10389,combined_moderate,combined_moderate,1.0,1,0,405351,421351,25.3344375,26.3344375,False,f9a3807c3514c924
combined_moderate:10389:combined_moderate:2.00:0,combined_moderate:10389:combined_moderate:2.00,10389,combined_moderate,combined_moderate,2.0,1,0,344359,376359,21.5224375,23.5224375,False,f9a3807c3514c924
combined_moderate:10389:combined_moderate:3.00:0,combined_moderate:10389:combined_moderate:3.00,10389,combined_moderate,combined_moderate,3.0,1,0,427214,475214,26.700875,29.700875,False,f9a3807c3514c924
combined_moderate:10438:combined_moderate:1.00:0,combined_moderate:10438:combined_moderate:1.00,10438,combined_moderate,combined_moderate,1.0,1,0,50266,66266,3.141625,4.141625,False,f9a3807c3514c924
combined_moderate:10438:combined_moderate:2.00:0,combined_moderate:10438:combined_moderate:2.00,10438,combined_moderate,combined_moderate,2.0,1,0,164764,196764,10.29775,12.29775,False,f9a3807c3514c924
combined_moderate:10438:combined_moderate:3.00:0,combined_moderate:10438:combined_moderate:3.00,10438,combined_moderate,combined_moderate,3.0,1,0,139948,187948,8.74675,11.74675,False,f9a3807c3514c924
combined_moderate:10439:combined_moderate:1.00:0,combined_moderate:10439:combined_moderate:1.00,10439,combined_moderate,combined_moderate,1.0,1,0,167256,183256,10.4535,11.4535,False,f9a3807c3514c924
combined_moderate:10439:combined_moderate:2.00:0,combined_moderate:10439:combined_moderate:2.00,10439,combined_moderate,combined_moderate,2.0,1,0,68790,100790,4.299375,6.299375,False,f9a3807c3514c924
combined_moderate:10439:combined_moderate:3.00:0,combined_moderate:10439:combined_moderate:3.00,10439,combined_moderate,combined_moderate,3.0,1,0,70714,118714,4.419625,7.419625,False,f9a3807c3514c924
combined_moderate:10440:combined_moderate:1.00:0,combined_moderate:10440:combined_moderate:1.00,10440,combined_moderate,combined_moderate,1.0,1,0,422170,438170,26.385625,27.385625,False,f9a3807c3514c924
combined_moderate:10440:combined_moderate:2.00:0,combined_moderate:10440:combined_moderate:2.00,10440,combined_moderate,combined_moderate,2.0,1,0,270862,302862,16.928875,18.928875,False,f9a3807c3514c924
combined_moderate:10440:combined_moderate:3.00:0,combined_moderate:10440:combined_moderate:3.00,10440,combined_moderate,combined_moderate,3.0,1,0,364828,412828,22.80175,25.80175,False,f9a3807c3514c924
combined_moderate:10441:combined_moderate:1.00:0,combined_moderate:10441:combined_moderate:1.00,10441,combined_moderate,combined_moderate,1.0,1,0,37430,53430,2.339375,3.339375,False,f9a3807c3514c924
combined_moderate:10441:combined_moderate:2.00:0,combined_moderate:10441:combined_moderate:2.00,10441,combined_moderate,combined_moderate,2.0,1,0,18934,50934,1.183375,3.183375,False,f9a3807c3514c924
combined_moderate:10441:combined_moderate:3.00:0,combined_moderate:10441:combined_moderate:3.00,10441,combined_moderate,combined_moderate,3.0,1,0,357200,405200,22.325,25.325,False,f9a3807c3514c924
combined_moderate:10442:combined_moderate:1.00:0,combined_moderate:10442:combined_moderate:1.00,10442,combined_moderate,combined_moderate,1.0,1,0,369703,385703,23.1064375,24.1064375,False,f9a3807c3514c924
combined_moderate:10442:combined_moderate:2.00:0,combined_moderate:10442:combined_moderate:2.00,10442,combined_moderate,combined_moderate,2.0,1,0,85055,117055,5.3159375,7.3159375,False,f9a3807c3514c924
combined_moderate:10442:combined_moderate:3.00:0,combined_moderate:10442:combined_moderate:3.00,10442,combined_moderate,combined_moderate,3.0,1,0,351773,399773,21.9858125,24.9858125,False,f9a3807c3514c924
combined_moderate:10443:combined_moderate:1.00:0,combined_moderate:10443:combined_moderate:1.00,10443,combined_moderate,combined_moderate,1.0,1,0,85584,101584,5.349,6.349,False,f9a3807c3514c924
combined_moderate:10443:combined_moderate:2.00:0,combined_moderate:10443:combined_moderate:2.00,10443,combined_moderate,combined_moderate,2.0,1,0,415926,447926,25.995375,27.995375,False,f9a3807c3514c924
combined_moderate:10443:combined_moderate:3.00:0,combined_moderate:10443:combined_moderate:3.00,10443,combined_moderate,combined_moderate,3.0,1,0,150396,198396,9.39975,12.39975,False,f9a3807c3514c924
combined_moderate:10444:combined_moderate:1.00:0,combined_moderate:10444:combined_moderate:1.00,10444,combined_moderate,combined_moderate,1.0,1,0,412455,428455,25.7784375,26.7784375,False,f9a3807c3514c924
combined_moderate:10444:combined_moderate:2.00:0,combined_moderate:10444:combined_moderate:2.00,10444,combined_moderate,combined_moderate,2.0,1,0,31452,63452,1.96575,3.96575,False,f9a3807c3514c924
combined_moderate:10444:combined_moderate:3.00:0,combined_moderate:10444:combined_moderate:3.00,10444,combined_moderate,combined_moderate,3.0,1,0,418120,466120,26.1325,29.1325,False,f9a3807c3514c924
combined_moderate:10447:combined_moderate:1.00:0,combined_moderate:10447:combined_moderate:1.00,10447,combined_moderate,combined_moderate,1.0,1,0,184861,200861,11.5538125,12.5538125,False,f9a3807c3514c924
combined_moderate:10447:combined_moderate:2.00:0,combined_moderate:10447:combined_moderate:2.00,10447,combined_moderate,combined_moderate,2.0,1,0,336467,368467,21.0291875,23.0291875,False,f9a3807c3514c924
combined_moderate:10447:combined_moderate:3.00:0,combined_moderate:10447:combined_moderate:3.00,10447,combined_moderate,combined_moderate,3.0,1,0,146269,194269,9.1418125,12.1418125,False,f9a3807c3514c924
combined_moderate:10480:combined_moderate:1.00:0,combined_moderate:10480:combined_moderate:1.00,10480,combined_moderate,combined_moderate,1.0,1,0,43927,59927,2.7454375,3.7454375,False,f9a3807c3514c924
combined_moderate:10480:combined_moderate:2.00:0,combined_moderate:10480:combined_moderate:2.00,10480,combined_moderate,combined_moderate,2.0,1,0,353541,385541,22.0963125,24.0963125,False,f9a3807c3514c924
combined_moderate:10480:combined_moderate:3.00:0,combined_moderate:10480:combined_moderate:3.00,10480,combined_moderate,combined_moderate,3.0,1,0,334591,382591,20.9119375,23.9119375,False,f9a3807c3514c924
combined_moderate:10481:combined_moderate:1.00:0,combined_moderate:10481:combined_moderate:1.00,10481,combined_moderate,combined_moderate,1.0,1,0,95329,111329,5.9580625,6.9580625,False,f9a3807c3514c924
combined_moderate:10481:combined_moderate:2.00:0,combined_moderate:10481:combined_moderate:2.00,10481,combined_moderate,combined_moderate,2.0,1,0,150596,182596,9.41225,11.41225,False,f9a3807c3514c924
combined_moderate:10481:combined_moderate:3.00:0,combined_moderate:10481:combined_moderate:3.00,10481,combined_moderate,combined_moderate,3.0,1,0,136731,184731,8.5456875,11.5456875,False,f9a3807c3514c924
combined_moderate:10485:combined_moderate:1.00:0,combined_moderate:10485:combined_moderate:1.00,10485,combined_moderate,combined_moderate,1.0,1,0,279264,295264,17.454,18.454,False,f9a3807c3514c924
combined_moderate:10485:combined_moderate:2.00:0,combined_moderate:10485:combined_moderate:2.00,10485,combined_moderate,combined_moderate,2.0,1,0,86058,118058,5.378625,7.378625,False,f9a3807c3514c924
combined_moderate:10485:combined_moderate:3.00:0,combined_moderate:10485:combined_moderate:3.00,10485,combined_moderate,combined_moderate,3.0,1,0,374571,422571,23.4106875,26.4106875,False,f9a3807c3514c924
combined_moderate:10678:combined_moderate:1.00:0,combined_moderate:10678:combined_moderate:1.00,10678,combined_moderate,combined_moderate,1.0,1,0,32363,48363,2.0226875,3.0226875,False,f9a3807c3514c924
combined_moderate:10678:combined_moderate:2.00:0,combined_moderate:10678:combined_moderate:2.00,10678,combined_moderate,combined_moderate,2.0,1,0,403803,435803,25.2376875,27.2376875,False,f9a3807c3514c924
combined_moderate:10678:combined_moderate:3.00:0,combined_moderate:10678:combined_moderate:3.00,10678,combined_moderate,combined_moderate,3.0,1,0,100821,148821,6.3013125,9.3013125,False,f9a3807c3514c924
combined_moderate:10679:combined_moderate:1.00:0,combined_moderate:10679:combined_moderate:1.00,10679,combined_moderate,combined_moderate,1.0,1,0,87150,103150,5.446875,6.446875,False,f9a3807c3514c924
combined_moderate:10679:combined_moderate:2.00:0,combined_moderate:10679:combined_moderate:2.00,10679,combined_moderate,combined_moderate,2.0,1,0,273084,305084,17.06775,19.06775,False,f9a3807c3514c924
combined_moderate:10679:combined_moderate:3.00:0,combined_moderate:10679:combined_moderate:3.00,10679,combined_moderate,combined_moderate,3.0,1,0,370027,418027,23.1266875,26.1266875,False,f9a3807c3514c924
combined_moderate:10682:combined_moderate:1.00:0,combined_moderate:10682:combined_moderate:1.00,10682,combined_moderate,combined_moderate,1.0,1,0,166318,182318,10.394875,11.394875,False,f9a3807c3514c924
combined_moderate:10682:combined_moderate:2.00:0,combined_moderate:10682:combined_moderate:2.00,10682,combined_moderate,combined_moderate,2.0,1,0,273188,305188,17.07425,19.07425,False,f9a3807c3514c924
combined_moderate:10682:combined_moderate:3.00:0,combined_moderate:10682:combined_moderate:3.00,10682,combined_moderate,combined_moderate,3.0,1,0,155747,203747,9.7341875,12.7341875,False,f9a3807c3514c924
combined_moderate:10684:combined_moderate:1.00:0,combined_moderate:10684:combined_moderate:1.00,10684,combined_moderate,combined_moderate,1.0,1,0,278574,294574,17.410875,18.410875,False,f9a3807c3514c924
combined_moderate:10684:combined_moderate:2.00:0,combined_moderate:10684:combined_moderate:2.00,10684,combined_moderate,combined_moderate,2.0,1,0,90578,122578,5.661125,7.661125,False,f9a3807c3514c924
combined_moderate:10684:combined_moderate:3.00:0,combined_moderate:10684:combined_moderate:3.00,10684,combined_moderate,combined_moderate,3.0,1,0,273511,321511,17.0944375,20.0944375,False,f9a3807c3514c924
combined_moderate:10992:combined_moderate:1.00:0,combined_moderate:10992:combined_moderate:1.00,10992,combined_moderate,combined_moderate,1.0,1,0,344397,360397,21.5248125,22.5248125,False,f9a3807c3514c924
combined_moderate:10992:combined_moderate:2.00:0,combined_moderate:10992:combined_moderate:2.00,10992,combined_moderate,combined_moderate,2.0,1,0,430786,462786,26.924125,28.924125,False,f9a3807c3514c924
combined_moderate:10992:combined_moderate:3.00:0,combined_moderate:10992:combined_moderate:3.00,10992,combined_moderate,combined_moderate,3.0,1,0,4608,52608,0.288,3.288,False,f9a3807c3514c924
combined_moderate:10993:combined_moderate:1.00:0,combined_moderate:10993:combined_moderate:1.00,10993,combined_moderate,combined_moderate,1.0,1,0,432478,448478,27.029875,28.029875,False,f9a3807c3514c924
combined_moderate:10993:combined_moderate:2.00:0,combined_moderate:10993:combined_moderate:2.00,10993,combined_moderate,combined_moderate,2.0,1,0,130374,162374,8.148375,10.148375,False,f9a3807c3514c924
combined_moderate:10993:combined_moderate:3.00:0,combined_moderate:10993:combined_moderate:3.00,10993,combined_moderate,combined_moderate,3.0,1,0,41797,89797,2.6123125,5.6123125,False,f9a3807c3514c924
combined_moderate:11019:combined_moderate:1.00:0,combined_moderate:11019:combined_moderate:1.00,11019,combined_moderate,combined_moderate,1.0,1,0,349007,365007,21.8129375,22.8129375,False,f9a3807c3514c924
combined_moderate:11019:combined_moderate:2.00:0,combined_moderate:11019:combined_moderate:2.00,11019,combined_moderate,combined_moderate,2.0,1,0,60627,92627,3.7891875,5.7891875,False,f9a3807c3514c924
combined_moderate:11019:combined_moderate:3.00:0,combined_moderate:11019:combined_moderate:3.00,11019,combined_moderate,combined_moderate,3.0,1,0,39188,87188,2.44925,5.44925,False,f9a3807c3514c924
combined_moderate:11020:combined_moderate:1.00:0,combined_moderate:11020:combined_moderate:1.00,11020,combined_moderate,combined_moderate,1.0,1,0,139830,155830,8.739375,9.739375,False,f9a3807c3514c924
combined_moderate:11020:combined_moderate:2.00:0,combined_moderate:11020:combined_moderate:2.00,11020,combined_moderate,combined_moderate,2.0,1,0,33193,65193,2.0745625,4.0745625,False,f9a3807c3514c924
combined_moderate:11020:combined_moderate:3.00:0,combined_moderate:11020:combined_moderate:3.00,11020,combined_moderate,combined_moderate,3.0,1,0,377871,425871,23.6169375,26.6169375,False,f9a3807c3514c924
combined_moderate:11059:combined_moderate:1.00:0,combined_moderate:11059:combined_moderate:1.00,11059,combined_moderate,combined_moderate,1.0,1,0,290938,306938,18.183625,19.183625,False,f9a3807c3514c924
combined_moderate:11059:combined_moderate:2.00:0,combined_moderate:11059:combined_moderate:2.00,11059,combined_moderate,combined_moderate,2.0,1,0,1474,33474,0.092125,2.092125,False,f9a3807c3514c924
combined_moderate:11059:combined_moderate:3.00:0,combined_moderate:11059:combined_moderate:3.00,11059,combined_moderate,combined_moderate,3.0,1,0,159361,207361,9.9600625,12.9600625,False,f9a3807c3514c924
combined_moderate:11200:combined_moderate:1.00:0,combined_moderate:11200:combined_moderate:1.00,11200,combined_moderate,combined_moderate,1.0,1,0,380936,396936,23.8085,24.8085,False,f9a3807c3514c924
combined_moderate:11200:combined_moderate:2.00:0,combined_moderate:11200:combined_moderate:2.00,11200,combined_moderate,combined_moderate,2.0,1,0,98099,130099,6.1311875,8.1311875,False,f9a3807c3514c924
combined_moderate:11200:combined_moderate:3.00:0,combined_moderate:11200:combined_moderate:3.00,11200,combined_moderate,combined_moderate,3.0,1,0,94235,142235,5.8896875,8.8896875,False,f9a3807c3514c924
combined_moderate:11204:combined_moderate:1.00:0,combined_moderate:11204:combined_moderate:1.00,11204,combined_moderate,combined_moderate,1.0,1,0,97290,113290,6.080625,7.080625,False,f9a3807c3514c924
combined_moderate:11204:combined_moderate:2.00:0,combined_moderate:11204:combined_moderate:2.00,11204,combined_moderate,combined_moderate,2.0,1,0,144000,176000,9.0,11.0,False,f9a3807c3514c924
combined_moderate:11204:combined_moderate:3.00:0,combined_moderate:11204:combined_moderate:3.00,11204,combined_moderate,combined_moderate,3.0,1,0,342940,390940,21.43375,24.43375,False,f9a3807c3514c924
combined_moderate:11503:combined_moderate:1.00:0,combined_moderate:11503:combined_moderate:1.00,11503,combined_moderate,combined_moderate,1.0,1,0,397439,413439,24.8399375,25.8399375,False,f9a3807c3514c924
combined_moderate:11503:combined_moderate:2.00:0,combined_moderate:11503:combined_moderate:2.00,11503,combined_moderate,combined_moderate,2.0,1,0,24001,56001,1.5000625,3.5000625,False,f9a3807c3514c924
combined_moderate:11503:combined_moderate:3.00:0,combined_moderate:11503:combined_moderate:3.00,11503,combined_moderate,combined_moderate,3.0,1,0,100306,148306,6.269125,9.269125,False,f9a3807c3514c924
combined_moderate:11504:combined_moderate:1.00:0,combined_moderate:11504:combined_moderate:1.00,11504,combined_moderate,combined_moderate,1.0,1,0,157528,173528,9.8455,10.8455,False,f9a3807c3514c924
combined_moderate:11504:combined_moderate:2.00:0,combined_moderate:11504:combined_moderate:2.00,11504,combined_moderate,combined_moderate,2.0,1,0,53239,85239,3.3274375,5.3274375,False,f9a3807c3514c924
combined_moderate:11504:combined_moderate:3.00:0,combined_moderate:11504:combined_moderate:3.00,11504,combined_moderate,combined_moderate,3.0,1,0,318722,366722,19.920125,22.920125,False,f9a3807c3514c924
combined_moderate:11505:combined_moderate:1.00:0,combined_moderate:11505:combined_moderate:1.00,11505,combined_moderate,combined_moderate,1.0,1,0,339971,355971,21.2481875,22.2481875,False,f9a3807c3514c924
combined_moderate:11505:combined_moderate:2.00:0,combined_moderate:11505:combined_moderate:2.00,11505,combined_moderate,combined_moderate,2.0,1,0,333681,365681,20.8550625,22.8550625,False,f9a3807c3514c924
combined_moderate:11505:combined_moderate:3.00:0,combined_moderate:11505:combined_moderate:3.00,11505,combined_moderate,combined_moderate,3.0,1,0,281426,329426,17.589125,20.589125,False,f9a3807c3514c924
combined_moderate:11508:combined_moderate:1.00:0,combined_moderate:11508:combined_moderate:1.00,11508,combined_moderate,combined_moderate,1.0,1,0,309425,325425,19.3390625,20.3390625,False,f9a3807c3514c924
combined_moderate:11508:combined_moderate:2.00:0,combined_moderate:11508:combined_moderate:2.00,11508,combined_moderate,combined_moderate,2.0,1,0,160458,192458,10.028625,12.028625,False,f9a3807c3514c924
combined_moderate:11508:combined_moderate:3.00:0,combined_moderate:11508:combined_moderate:3.00,11508,combined_moderate,combined_moderate,3.0,1,0,410793,458793,25.6745625,28.6745625,False,f9a3807c3514c924
combined_moderate:12045:combined_moderate:1.00:0,combined_moderate:12045:combined_moderate:1.00,12045,combined_moderate,combined_moderate,1.0,1,0,130178,146178,8.136125,9.136125,False,f9a3807c3514c924
combined_moderate:12045:combined_moderate:2.00:0,combined_moderate:12045:combined_moderate:2.00,12045,combined_moderate,combined_moderate,2.0,1,0,439297,471297,27.4560625,29.4560625,False,f9a3807c3514c924
combined_moderate:12045:combined_moderate:3.00:0,combined_moderate:12045:combined_moderate:3.00,12045,combined_moderate,combined_moderate,3.0,1,0,57392,105392,3.587,6.587,False,f9a3807c3514c924
combined_moderate:12046:combined_moderate:1.00:0,combined_moderate:12046:combined_moderate:1.00,12046,combined_moderate,combined_moderate,1.0,1,0,161246,177246,10.077875,11.077875,False,f9a3807c3514c924
combined_moderate:12046:combined_moderate:2.00:0,combined_moderate:12046:combined_moderate:2.00,12046,combined_moderate,combined_moderate,2.0,1,0,41706,73706,2.606625,4.606625,False,f9a3807c3514c924
combined_moderate:12046:combined_moderate:3.00:0,combined_moderate:12046:combined_moderate:3.00,12046,combined_moderate,combined_moderate,3.0,1,0,133149,181149,8.3218125,11.3218125,False,f9a3807c3514c924
combined_moderate:12047:combined_moderate:1.00:0,combined_moderate:12047:combined_moderate:1.00,12047,combined_moderate,combined_moderate,1.0,1,0,441513,457513,27.5945625,28.5945625,False,f9a3807c3514c924
combined_moderate:12047:combined_moderate:2.00:0,combined_moderate:12047:combined_moderate:2.00,12047,combined_moderate,combined_moderate,2.0,1,0,44741,76741,2.7963125,4.7963125,False,f9a3807c3514c924
combined_moderate:12047:combined_moderate:3.00:0,combined_moderate:12047:combined_moderate:3.00,12047,combined_moderate,combined_moderate,3.0,1,0,145801,193801,9.1125625,12.1125625,False,f9a3807c3514c924
combined_moderate:12048:combined_moderate:1.00:0,combined_moderate:12048:combined_moderate:1.00,12048,combined_moderate,combined_moderate,1.0,1,0,333681,349681,20.8550625,21.8550625,False,f9a3807c3514c924
combined_moderate:12048:combined_moderate:2.00:0,combined_moderate:12048:combined_moderate:2.00,12048,combined_moderate,combined_moderate,2.0,1,0,163918,195918,10.244875,12.244875,False,f9a3807c3514c924
combined_moderate:12048:combined_moderate:3.00:0,combined_moderate:12048:combined_moderate:3.00,12048,combined_moderate,combined_moderate,3.0,1,0,91515,139515,5.7196875,8.7196875,False,f9a3807c3514c924
combined_moderate:12049:combined_moderate:1.00:0,combined_moderate:12049:combined_moderate:1.00,12049,combined_moderate,combined_moderate,1.0,1,0,154462,170462,9.653875,10.653875,False,f9a3807c3514c924
combined_moderate:12049:combined_moderate:2.00:0,combined_moderate:12049:combined_moderate:2.00,12049,combined_moderate,combined_moderate,2.0,1,0,50721,82721,3.1700625,5.1700625,False,f9a3807c3514c924
combined_moderate:12049:combined_moderate:3.00:0,combined_moderate:12049:combined_moderate:3.00,12049,combined_moderate,combined_moderate,3.0,1,0,374898,422898,23.431125,26.431125,False,f9a3807c3514c924
combined_moderate:12050:combined_moderate:1.00:0,combined_moderate:12050:combined_moderate:1.00,12050,combined_moderate,combined_moderate,1.0,1,0,58352,74352,3.647,4.647,False,f9a3807c3514c924
combined_moderate:12050:combined_moderate:2.00:0,combined_moderate:12050:combined_moderate:2.00,12050,combined_moderate,combined_moderate,2.0,1,0,166263,198263,10.3914375,12.3914375,False,f9a3807c3514c924
combined_moderate:12050:combined_moderate:3.00:0,combined_moderate:12050:combined_moderate:3.00,12050,combined_moderate,combined_moderate,3.0,1,0,319816,367816,19.9885,22.9885,False,f9a3807c3514c924
combined_moderate:12051:combined_moderate:1.00:0,combined_moderate:12051:combined_moderate:1.00,12051,combined_moderate,combined_moderate,1.0,1,0,12080,28080,0.755,1.755,False,f9a3807c3514c924
combined_moderate:12051:combined_moderate:2.00:0,combined_moderate:12051:combined_moderate:2.00,12051,combined_moderate,combined_moderate,2.0,1,0,68445,100445,4.2778125,6.2778125,False,f9a3807c3514c924
combined_moderate:12051:combined_moderate:3.00:0,combined_moderate:12051:combined_moderate:3.00,12051,combined_moderate,combined_moderate,3.0,1,0,319718,367718,19.982375,22.982375,False,f9a3807c3514c924
combined_moderate:12052:combined_moderate:1.00:0,combined_moderate:12052:combined_moderate:1.00,12052,combined_moderate,combined_moderate,1.0,1,0,62786,78786,3.924125,4.924125,False,f9a3807c3514c924
combined_moderate:12052:combined_moderate:2.00:0,combined_moderate:12052:combined_moderate:2.00,12052,combined_moderate,combined_moderate,2.0,1,0,153422,185422,9.588875,11.588875,False,f9a3807c3514c924
combined_moderate:12052:combined_moderate:3.00:0,combined_moderate:12052:combined_moderate:3.00,12052,combined_moderate,combined_moderate,3.0,1,0,355954,403954,22.247125,25.247125,False,f9a3807c3514c924
combined_moderate:12053:combined_moderate:1.00:0,combined_moderate:12053:combined_moderate:1.00,12053,combined_moderate,combined_moderate,1.0,1,0,437871,453871,27.3669375,28.3669375,False,f9a3807c3514c924
combined_moderate:12053:combined_moderate:2.00:0,combined_moderate:12053:combined_moderate:2.00,12053,combined_moderate,combined_moderate,2.0,1,0,44860,76860,2.80375,4.80375,False,f9a3807c3514c924
combined_moderate:12053:combined_moderate:3.00:0,combined_moderate:12053:combined_moderate:3.00,12053,combined_moderate,combined_moderate,3.0,1,0,33948,81948,2.12175,5.12175,False,f9a3807c3514c924
combined_moderate:12058:combined_moderate:1.00:0,combined_moderate:12058:combined_moderate:1.00,12058,combined_moderate,combined_moderate,1.0,1,0,4669,20669,0.2918125,1.2918125,False,f9a3807c3514c924
combined_moderate:12058:combined_moderate:2.00:0,combined_moderate:12058:combined_moderate:2.00,12058,combined_moderate,combined_moderate,2.0,1,0,56303,88303,3.5189375,5.5189375,False,f9a3807c3514c924
combined_moderate:12058:combined_moderate:3.00:0,combined_moderate:12058:combined_moderate:3.00,12058,combined_moderate,combined_moderate,3.0,1,0,155846,203846,9.740375,12.740375,False,f9a3807c3514c924
combined_moderate:12059:combined_moderate:1.00:0,combined_moderate:12059:combined_moderate:1.00,12059,combined_moderate,combined_moderate,1.0,1,0,280522,296522,17.532625,18.532625,False,f9a3807c3514c924
combined_moderate:12059:combined_moderate:2.00:0,combined_moderate:12059:combined_moderate:2.00,12059,combined_moderate,combined_moderate,2.0,1,0,129002,161002,8.062625,10.062625,False,f9a3807c3514c924
combined_moderate:12059:combined_moderate:3.00:0,combined_moderate:12059:combined_moderate:3.00,12059,combined_moderate,combined_moderate,3.0,1,0,27498,75498,1.718625,4.718625,False,f9a3807c3514c924
combined_moderate:12060:combined_moderate:1.00:0,combined_moderate:12060:combined_moderate:1.00,12060,combined_moderate,combined_moderate,1.0,1,0,80941,96941,5.0588125,6.0588125,False,f9a3807c3514c924
combined_moderate:12060:combined_moderate:2.00:0,combined_moderate:12060:combined_moderate:2.00,12060,combined_moderate,combined_moderate,2.0,1,0,340727,372727,21.2954375,23.2954375,False,f9a3807c3514c924
combined_moderate:12060:combined_moderate:3.00:0,combined_moderate:12060:combined_moderate:3.00,12060,combined_moderate,combined_moderate,3.0,1,0,102291,150291,6.3931875,9.3931875,False,f9a3807c3514c924
combined_moderate:12061:combined_moderate:1.00:0,combined_moderate:12061:combined_moderate:1.00,12061,combined_moderate,combined_moderate,1.0,1,0,311296,327296,19.456,20.456,False,f9a3807c3514c924
combined_moderate:12061:combined_moderate:2.00:0,combined_moderate:12061:combined_moderate:2.00,12061,combined_moderate,combined_moderate,2.0,1,0,429305,461305,26.8315625,28.8315625,False,f9a3807c3514c924
combined_moderate:12061:combined_moderate:3.00:0,combined_moderate:12061:combined_moderate:3.00,12061,combined_moderate,combined_moderate,3.0,1,0,119164,167164,7.44775,10.44775,False,f9a3807c3514c924
combined_moderate:12062:combined_moderate:1.00:0,combined_moderate:12062:combined_moderate:1.00,12062,combined_moderate,combined_moderate,1.0,1,0,15817,31817,0.9885625,1.9885625,False,f9a3807c3514c924
combined_moderate:12062:combined_moderate:2.00:0,combined_moderate:12062:combined_moderate:2.00,12062,combined_moderate,combined_moderate,2.0,1,0,340190,372190,21.261875,23.261875,False,f9a3807c3514c924
combined_moderate:12062:combined_moderate:3.00:0,combined_moderate:12062:combined_moderate:3.00,12062,combined_moderate,combined_moderate,3.0,1,0,431245,479245,26.9528125,29.9528125,False,f9a3807c3514c924
combined_moderate:12064:combined_moderate:1.00:0,combined_moderate:12064:combined_moderate:1.00,12064,combined_moderate,combined_moderate,1.0,1,0,410355,426355,25.6471875,26.6471875,False,f9a3807c3514c924
combined_moderate:12064:combined_moderate:2.00:0,combined_moderate:12064:combined_moderate:2.00,12064,combined_moderate,combined_moderate,2.0,1,0,178495,210495,11.1559375,13.1559375,False,f9a3807c3514c924
combined_moderate:12064:combined_moderate:3.00:0,combined_moderate:12064:combined_moderate:3.00,12064,combined_moderate,combined_moderate,3.0,1,0,365469,413469,22.8418125,25.8418125,False,f9a3807c3514c924
combined_moderate:12065:combined_moderate:1.00:0,combined_moderate:12065:combined_moderate:1.00,12065,combined_moderate,combined_moderate,1.0,1,0,171728,187728,10.733,11.733,False,f9a3807c3514c924
combined_moderate:12065:combined_moderate:2.00:0,combined_moderate:12065:combined_moderate:2.00,12065,combined_moderate,combined_moderate,2.0,1,0,21799,53799,1.3624375,3.3624375,False,f9a3807c3514c924
combined_moderate:12065:combined_moderate:3.00:0,combined_moderate:12065:combined_moderate:3.00,12065,combined_moderate,combined_moderate,3.0,1,0,306716,354716,19.16975,22.16975,False,f9a3807c3514c924
combined_moderate:12066:combined_moderate:1.00:0,combined_moderate:12066:combined_moderate:1.00,12066,combined_moderate,combined_moderate,1.0,1,0,280199,296199,17.5124375,18.5124375,False,f9a3807c3514c924
combined_moderate:12066:combined_moderate:2.00:0,combined_moderate:12066:combined_moderate:2.00,12066,combined_moderate,combined_moderate,2.0,1,0,97264,129264,6.079,8.079,False,f9a3807c3514c924
combined_moderate:12066:combined_moderate:3.00:0,combined_moderate:12066:combined_moderate:3.00,12066,combined_moderate,combined_moderate,3.0,1,0,265788,313788,16.61175,19.61175,False,f9a3807c3514c924
combined_moderate:12067:combined_moderate:1.00:0,combined_moderate:12067:combined_moderate:1.00,12067,combined_moderate,combined_moderate,1.0,1,0,149660,165660,9.35375,10.35375,False,f9a3807c3514c924
combined_moderate:12067:combined_moderate:2.00:0,combined_moderate:12067:combined_moderate:2.00,12067,combined_moderate,combined_moderate,2.0,1,0,104591,136591,6.5369375,8.5369375,False,f9a3807c3514c924
combined_moderate:12067:combined_moderate:3.00:0,combined_moderate:12067:combined_moderate:3.00,12067,combined_moderate,combined_moderate,3.0,1,0,305016,353016,19.0635,22.0635,False,f9a3807c3514c924
combined_moderate:12179:combined_moderate:1.00:0,combined_moderate:12179:combined_moderate:1.00,12179,combined_moderate,combined_moderate,1.0,1,0,283328,299328,17.708,18.708,False,f9a3807c3514c924
combined_moderate:12179:combined_moderate:2.00:0,combined_moderate:12179:combined_moderate:2.00,12179,combined_moderate,combined_moderate,2.0,1,0,273495,305495,17.0934375,19.0934375,False,f9a3807c3514c924
combined_moderate:12179:combined_moderate:3.00:0,combined_moderate:12179:combined_moderate:3.00,12179,combined_moderate,combined_moderate,3.0,1,0,169046,217046,10.565375,13.565375,False,f9a3807c3514c924
combined_moderate:12387:combined_moderate:1.00:0,combined_moderate:12387:combined_moderate:1.00,12387,combined_moderate,combined_moderate,1.0,1,0,330491,346491,20.6556875,21.6556875,False,f9a3807c3514c924
combined_moderate:12387:combined_moderate:2.00:0,combined_moderate:12387:combined_moderate:2.00,12387,combined_moderate,combined_moderate,2.0,1,0,343008,375008,21.438,23.438,False,f9a3807c3514c924
combined_moderate:12387:combined_moderate:3.00:0,combined_moderate:12387:combined_moderate:3.00,12387,combined_moderate,combined_moderate,3.0,1,0,407237,455237,25.4523125,28.4523125,False,f9a3807c3514c924
combined_moderate:12390:combined_moderate:1.00:0,combined_moderate:12390:combined_moderate:1.00,12390,combined_moderate,combined_moderate,1.0,1,0,389972,405972,24.37325,25.37325,False,f9a3807c3514c924
combined_moderate:12390:combined_moderate:2.00:0,combined_moderate:12390:combined_moderate:2.00,12390,combined_moderate,combined_moderate,2.0,1,0,410966,442966,25.685375,27.685375,False,f9a3807c3514c924
combined_moderate:12390:combined_moderate:3.00:0,combined_moderate:12390:combined_moderate:3.00,12390,combined_moderate,combined_moderate,3.0,1,0,53345,101345,3.3340625,6.3340625,False,f9a3807c3514c924
combined_moderate:12481:combined_moderate:1.00:0,combined_moderate:12481:combined_moderate:1.00,12481,combined_moderate,combined_moderate,1.0,1,0,171921,187921,10.7450625,11.7450625,False,f9a3807c3514c924
combined_moderate:12481:combined_moderate:2.00:0,combined_moderate:12481:combined_moderate:2.00,12481,combined_moderate,combined_moderate,2.0,1,0,19586,51586,1.224125,3.224125,False,f9a3807c3514c924
combined_moderate:12481:combined_moderate:3.00:0,combined_moderate:12481:combined_moderate:3.00,12481,combined_moderate,combined_moderate,3.0,1,0,61270,109270,3.829375,6.829375,False,f9a3807c3514c924
combined_moderate:12482:combined_moderate:1.00:0,combined_moderate:12482:combined_moderate:1.00,12482,combined_moderate,combined_moderate,1.0,1,0,59175,75175,3.6984375,4.6984375,False,f9a3807c3514c924
combined_moderate:12482:combined_moderate:2.00:0,combined_moderate:12482:combined_moderate:2.00,12482,combined_moderate,combined_moderate,2.0,1,0,424772,456772,26.54825,28.54825,False,f9a3807c3514c924
combined_moderate:12482:combined_moderate:3.00:0,combined_moderate:12482:combined_moderate:3.00,12482,combined_moderate,combined_moderate,3.0,1,0,77902,125902,4.868875,7.868875,False,f9a3807c3514c924
combined_moderate:12484:combined_moderate:1.00:0,combined_moderate:12484:combined_moderate:1.00,12484,combined_moderate,combined_moderate,1.0,1,0,173895,189895,10.8684375,11.8684375,False,f9a3807c3514c924
combined_moderate:12484:combined_moderate:2.00:0,combined_moderate:12484:combined_moderate:2.00,12484,combined_moderate,combined_moderate,2.0,1,0,84660,116660,5.29125,7.29125,False,f9a3807c3514c924
combined_moderate:12484:combined_moderate:3.00:0,combined_moderate:12484:combined_moderate:3.00,12484,combined_moderate,combined_moderate,3.0,1,0,293897,341897,18.3685625,21.3685625,False,f9a3807c3514c924
combined_moderate:12485:combined_moderate:1.00:0,combined_moderate:12485:combined_moderate:1.00,12485,combined_moderate,combined_moderate,1.0,1,0,163144,179144,10.1965,11.1965,False,f9a3807c3514c924
combined_moderate:12485:combined_moderate:2.00:0,combined_moderate:12485:combined_moderate:2.00,12485,combined_moderate,combined_moderate,2.0,1,0,49750,81750,3.109375,5.109375,False,f9a3807c3514c924
combined_moderate:12485:combined_moderate:3.00:0,combined_moderate:12485:combined_moderate:3.00,12485,combined_moderate,combined_moderate,3.0,1,0,322096,370096,20.131,23.131,False,f9a3807c3514c924
combined_moderate:12486:combined_moderate:1.00:0,combined_moderate:12486:combined_moderate:1.00,12486,combined_moderate,combined_moderate,1.0,1,0,28025,44025,1.7515625,2.7515625,False,f9a3807c3514c924
combined_moderate:12486:combined_moderate:2.00:0,combined_moderate:12486:combined_moderate:2.00,12486,combined_moderate,combined_moderate,2.0,1,0,18082,50082,1.130125,3.130125,False,f9a3807c3514c924
combined_moderate:12486:combined_moderate:3.00:0,combined_moderate:12486:combined_moderate:3.00,12486,combined_moderate,combined_moderate,3.0,1,0,13615,61615,0.8509375,3.8509375,False,f9a3807c3514c924
combined_moderate:12487:combined_moderate:1.00:0,combined_moderate:12487:combined_moderate:1.00,12487,combined_moderate,combined_moderate,1.0,1,0,365223,381223,22.8264375,23.8264375,False,f9a3807c3514c924
combined_moderate:12487:combined_moderate:2.00:0,combined_moderate:12487:combined_moderate:2.00,12487,combined_moderate,combined_moderate,2.0,1,0,95732,127732,5.98325,7.98325,False,f9a3807c3514c924
combined_moderate:12487:combined_moderate:3.00:0,combined_moderate:12487:combined_moderate:3.00,12487,combined_moderate,combined_moderate,3.0,1,0,413499,461499,25.8436875,28.8436875,False,f9a3807c3514c924
combined_moderate:12488:combined_moderate:1.00:0,combined_moderate:12488:combined_moderate:1.00,12488,combined_moderate,combined_moderate,1.0,1,0,180695,196695,11.2934375,12.2934375,False,f9a3807c3514c924
combined_moderate:12488:combined_moderate:2.00:0,combined_moderate:12488:combined_moderate:2.00,12488,combined_moderate,combined_moderate,2.0,1,0,26997,58997,1.6873125,3.6873125,False,f9a3807c3514c924
combined_moderate:12488:combined_moderate:3.00:0,combined_moderate:12488:combined_moderate:3.00,12488,combined_moderate,combined_moderate,3.0,1,0,143350,191350,8.959375,11.959375,False,f9a3807c3514c924
combined_moderate:12489:combined_moderate:1.00:0,combined_moderate:12489:combined_moderate:1.00,12489,combined_moderate,combined_moderate,1.0,1,0,291688,307688,18.2305,19.2305,False,f9a3807c3514c924
combined_moderate:12489:combined_moderate:2.00:0,combined_moderate:12489:combined_moderate:2.00,12489,combined_moderate,combined_moderate,2.0,1,0,350478,382478,21.904875,23.904875,False,f9a3807c3514c924
combined_moderate:12489:combined_moderate:3.00:0,combined_moderate:12489:combined_moderate:3.00,12489,combined_moderate,combined_moderate,3.0,1,0,354790,402790,22.174375,25.174375,False,f9a3807c3514c924
combined_moderate:12490:combined_moderate:1.00:0,combined_moderate:12490:combined_moderate:1.00,12490,combined_moderate,combined_moderate,1.0,1,0,283692,299692,17.73075,18.73075,False,f9a3807c3514c924
combined_moderate:12490:combined_moderate:2.00:0,combined_moderate:12490:combined_moderate:2.00,12490,combined_moderate,combined_moderate,2.0,1,0,382334,414334,23.895875,25.895875,False,f9a3807c3514c924
combined_moderate:12490:combined_moderate:3.00:0,combined_moderate:12490:combined_moderate:3.00,12490,combined_moderate,combined_moderate,3.0,1,0,79852,127852,4.99075,7.99075,False,f9a3807c3514c924
combined_moderate:12508:combined_moderate:1.00:0,combined_moderate:12508:combined_moderate:1.00,12508,combined_moderate,combined_moderate,1.0,1,0,456566,472566,28.535375,29.535375,False,f9a3807c3514c924
combined_moderate:12508:combined_moderate:2.00:0,combined_moderate:12508:combined_moderate:2.00,12508,combined_moderate,combined_moderate,2.0,1,0,45002,77002,2.812625,4.812625,False,f9a3807c3514c924
combined_moderate:12508:combined_moderate:3.00:0,combined_moderate:12508:combined_moderate:3.00,12508,combined_moderate,combined_moderate,3.0,1,0,420563,468563,26.2851875,29.2851875,False,f9a3807c3514c924
combined_moderate:12513:combined_moderate:1.00:0,combined_moderate:12513:combined_moderate:1.00,12513,combined_moderate,combined_moderate,1.0,1,0,79349,95349,4.9593125,5.9593125,False,f9a3807c3514c924
combined_moderate:12513:combined_moderate:2.00:0,combined_moderate:12513:combined_moderate:2.00,12513,combined_moderate,combined_moderate,2.0,1,0,344031,376031,21.5019375,23.5019375,False,f9a3807c3514c924
combined_moderate:12513:combined_moderate:3.00:0,combined_moderate:12513:combined_moderate:3.00,12513,combined_moderate,combined_moderate,3.0,1,0,400849,448849,25.0530625,28.0530625,False,f9a3807c3514c924
combined_moderate:12514:combined_moderate:1.00:0,combined_moderate:12514:combined_moderate:1.00,12514,combined_moderate,combined_moderate,1.0,1,0,5320,21320,0.3325,1.3325,False,f9a3807c3514c924
combined_moderate:12514:combined_moderate:2.00:0,combined_moderate:12514:combined_moderate:2.00,12514,combined_moderate,combined_moderate,2.0,1,0,33780,65780,2.11125,4.11125,False,f9a3807c3514c924
combined_moderate:12514:combined_moderate:3.00:0,combined_moderate:12514:combined_moderate:3.00,12514,combined_moderate,combined_moderate,3.0,1,0,33374,81374,2.085875,5.085875,False,f9a3807c3514c924
combined_moderate:12518:combined_moderate:1.00:0,combined_moderate:12518:combined_moderate:1.00,12518,combined_moderate,combined_moderate,1.0,1,0,385129,401129,24.0705625,25.0705625,False,f9a3807c3514c924
combined_moderate:12518:combined_moderate:2.00:0,combined_moderate:12518:combined_moderate:2.00,12518,combined_moderate,combined_moderate,2.0,1,0,342558,374558,21.409875,23.409875,False,f9a3807c3514c924
combined_moderate:12518:combined_moderate:3.00:0,combined_moderate:12518:combined_moderate:3.00,12518,combined_moderate,combined_moderate,3.0,1,0,349792,397792,21.862,24.862,False,f9a3807c3514c924
combined_moderate:12521:combined_moderate:1.00:0,combined_moderate:12521:combined_moderate:1.00,12521,combined_moderate,combined_moderate,1.0,1,0,87935,103935,5.4959375,6.4959375,False,f9a3807c3514c924
combined_moderate:12521:combined_moderate:2.00:0,combined_moderate:12521:combined_moderate:2.00,12521,combined_moderate,combined_moderate,2.0,1,0,120822,152822,7.551375,9.551375,False,f9a3807c3514c924
combined_moderate:12521:combined_moderate:3.00:0,combined_moderate:12521:combined_moderate:3.00,12521,combined_moderate,combined_moderate,3.0,1,0,362581,410581,22.6613125,25.6613125,False,f9a3807c3514c924
combined_moderate:12690:combined_moderate:1.00:0,combined_moderate:12690:combined_moderate:1.00,12690,combined_moderate,combined_moderate,1.0,1,0,106279,122279,6.6424375,7.6424375,False,f9a3807c3514c924
combined_moderate:12690:combined_moderate:2.00:0,combined_moderate:12690:combined_moderate:2.00,12690,combined_moderate,combined_moderate,2.0,1,0,442940,474940,27.68375,29.68375,False,f9a3807c3514c924
combined_moderate:12690:combined_moderate:3.00:0,combined_moderate:12690:combined_moderate:3.00,12690,combined_moderate,combined_moderate,3.0,1,0,351807,399807,21.9879375,24.9879375,False,f9a3807c3514c924
combined_moderate:12691:combined_moderate:1.00:0,combined_moderate:12691:combined_moderate:1.00,12691,combined_moderate,combined_moderate,1.0,1,0,25639,41639,1.6024375,2.6024375,False,f9a3807c3514c924
combined_moderate:12691:combined_moderate:2.00:0,combined_moderate:12691:combined_moderate:2.00,12691,combined_moderate,combined_moderate,2.0,1,0,38247,70247,2.3904375,4.3904375,False,f9a3807c3514c924
combined_moderate:12691:combined_moderate:3.00:0,combined_moderate:12691:combined_moderate:3.00,12691,combined_moderate,combined_moderate,3.0,1,0,381246,429246,23.827875,26.827875,False,f9a3807c3514c924
combined_moderate:12692:combined_moderate:1.00:0,combined_moderate:12692:combined_moderate:1.00,12692,combined_moderate,combined_moderate,1.0,1,0,134021,150021,8.3763125,9.3763125,False,f9a3807c3514c924
combined_moderate:12692:combined_moderate:2.00:0,combined_moderate:12692:combined_moderate:2.00,12692,combined_moderate,combined_moderate,2.0,1,0,111262,143262,6.953875,8.953875,False,f9a3807c3514c924
combined_moderate:12692:combined_moderate:3.00:0,combined_moderate:12692:combined_moderate:3.00,12692,combined_moderate,combined_moderate,3.0,1,0,369016,417016,23.0635,26.0635,False,f9a3807c3514c924
combined_moderate:13328:combined_moderate:1.00:0,combined_moderate:13328:combined_moderate:1.00,13328,combined_moderate,combined_moderate,1.0,1,0,375424,391424,23.464,24.464,False,f9a3807c3514c924
combined_moderate:13328:combined_moderate:2.00:0,combined_moderate:13328:combined_moderate:2.00,13328,combined_moderate,combined_moderate,2.0,1,0,101077,133077,6.3173125,8.3173125,False,f9a3807c3514c924
combined_moderate:13328:combined_moderate:3.00:0,combined_moderate:13328:combined_moderate:3.00,13328,combined_moderate,combined_moderate,3.0,1,0,148194,196194,9.262125,12.262125,False,f9a3807c3514c924
combined_moderate:13578:combined_moderate:1.00:0,combined_moderate:13578:combined_moderate:1.00,13578,combined_moderate,combined_moderate,1.0,1,0,135884,151884,8.49275,9.49275,False,f9a3807c3514c924
combined_moderate:13578:combined_moderate:2.00:0,combined_moderate:13578:combined_moderate:2.00,13578,combined_moderate,combined_moderate,2.0,1,0,116675,148675,7.2921875,9.2921875,False,f9a3807c3514c924
combined_moderate:13578:combined_moderate:3.00:0,combined_moderate:13578:combined_moderate:3.00,13578,combined_moderate,combined_moderate,3.0,1,0,110403,158403,6.9001875,9.9001875,False,f9a3807c3514c924
combined_moderate:13666:combined_moderate:1.00:0,combined_moderate:13666:combined_moderate:1.00,13666,combined_moderate,combined_moderate,1.0,1,0,67561,83561,4.2225625,5.2225625,False,f9a3807c3514c924
combined_moderate:13666:combined_moderate:2.00:0,combined_moderate:13666:combined_moderate:2.00,13666,combined_moderate,combined_moderate,2.0,1,0,24467,56467,1.5291875,3.5291875,False,f9a3807c3514c924
combined_moderate:13666:combined_moderate:3.00:0,combined_moderate:13666:combined_moderate:3.00,13666,combined_moderate,combined_moderate,3.0,1,0,144541,192541,9.0338125,12.0338125,False,f9a3807c3514c924
combined_moderate:13706:combined_moderate:1.00:0,combined_moderate:13706:combined_moderate:1.00,13706,combined_moderate,combined_moderate,1.0,1,0,281312,297312,17.582,18.582,False,f9a3807c3514c924
combined_moderate:13706:combined_moderate:2.00:0,combined_moderate:13706:combined_moderate:2.00,13706,combined_moderate,combined_moderate,2.0,1,0,298066,330066,18.629125,20.629125,False,f9a3807c3514c924
combined_moderate:13706:combined_moderate:3.00:0,combined_moderate:13706:combined_moderate:3.00,13706,combined_moderate,combined_moderate,3.0,1,0,391961,439961,24.4975625,27.4975625,False,f9a3807c3514c924
combined_moderate:13707:combined_moderate:1.00:0,combined_moderate:13707:combined_moderate:1.00,13707,combined_moderate,combined_moderate,1.0,1,0,326482,342482,20.405125,21.405125,False,f9a3807c3514c924
combined_moderate:13707:combined_moderate:2.00:0,combined_moderate:13707:combined_moderate:2.00,13707,combined_moderate,combined_moderate,2.0,1,0,66110,98110,4.131875,6.131875,False,f9a3807c3514c924
combined_moderate:13707:combined_moderate:3.00:0,combined_moderate:13707:combined_moderate:3.00,13707,combined_moderate,combined_moderate,3.0,1,0,93965,141965,5.8728125,8.8728125,False,f9a3807c3514c924
combined_moderate:13708:combined_moderate:1.00:0,combined_moderate:13708:combined_moderate:1.00,13708,combined_moderate,combined_moderate,1.0,1,0,434367,450367,27.1479375,28.1479375,False,f9a3807c3514c924
combined_moderate:13708:combined_moderate:2.00:0,combined_moderate:13708:combined_moderate:2.00,13708,combined_moderate,combined_moderate,2.0,1,0,18771,50771,1.1731875,3.1731875,False,f9a3807c3514c924
combined_moderate:13708:combined_moderate:3.00:0,combined_moderate:13708:combined_moderate:3.00,13708,combined_moderate,combined_moderate,3.0,1,0,325162,373162,20.322625,23.322625,False,f9a3807c3514c924
combined_moderate:13709:combined_moderate:1.00:0,combined_moderate:13709:combined_moderate:1.00,13709,combined_moderate,combined_moderate,1.0,1,0,54143,70143,3.3839375,4.3839375,False,f9a3807c3514c924
combined_moderate:13709:combined_moderate:2.00:0,combined_moderate:13709:combined_moderate:2.00,13709,combined_moderate,combined_moderate,2.0,1,0,131941,163941,8.2463125,10.2463125,False,f9a3807c3514c924
combined_moderate:13709:combined_moderate:3.00:0,combined_moderate:13709:combined_moderate:3.00,13709,combined_moderate,combined_moderate,3.0,1,0,124518,172518,7.782375,10.782375,False,f9a3807c3514c924
combined_moderate:13710:combined_moderate:1.00:0,combined_moderate:13710:combined_moderate:1.00,13710,combined_moderate,combined_moderate,1.0,1,0,117307,133307,7.3316875,8.3316875,False,f9a3807c3514c924
combined_moderate:13710:combined_moderate:2.00:0,combined_moderate:13710:combined_moderate:2.00,13710,combined_moderate,combined_moderate,2.0,1,0,128908,160908,8.05675,10.05675,False,f9a3807c3514c924
combined_moderate:13710:combined_moderate:3.00:0,combined_moderate:13710:combined_moderate:3.00,13710,combined_moderate,combined_moderate,3.0,1,0,45092,93092,2.81825,5.81825,False,f9a3807c3514c924
combined_moderate:13711:combined_moderate:1.00:0,combined_moderate:13711:combined_moderate:1.00,13711,combined_moderate,combined_moderate,1.0,1,0,173819,189819,10.8636875,11.8636875,False,f9a3807c3514c924
combined_moderate:13711:combined_moderate:2.00:0,combined_moderate:13711:combined_moderate:2.00,13711,combined_moderate,combined_moderate,2.0,1,0,69531,101531,4.3456875,6.3456875,False,f9a3807c3514c924
combined_moderate:13711:combined_moderate:3.00:0,combined_moderate:13711:combined_moderate:3.00,13711,combined_moderate,combined_moderate,3.0,1,0,336481,384481,21.0300625,24.0300625,False,f9a3807c3514c924
combined_moderate:14601:combined_moderate:1.00:0,combined_moderate:14601:combined_moderate:1.00,14601,combined_moderate,combined_moderate,1.0,1,0,347724,363724,21.73275,22.73275,False,f9a3807c3514c924
combined_moderate:14601:combined_moderate:2.00:0,combined_moderate:14601:combined_moderate:2.00,14601,combined_moderate,combined_moderate,2.0,1,0,318265,350265,19.8915625,21.8915625,False,f9a3807c3514c924
combined_moderate:14601:combined_moderate:3.00:0,combined_moderate:14601:combined_moderate:3.00,14601,combined_moderate,combined_moderate,3.0,1,0,75916,123916,4.74475,7.74475,False,f9a3807c3514c924
combined_moderate:14602:combined_moderate:1.00:0,combined_moderate:14602:combined_moderate:1.00,14602,combined_moderate,combined_moderate,1.0,1,0,433128,449128,27.0705,28.0705,False,f9a3807c3514c924
combined_moderate:14602:combined_moderate:2.00:0,combined_moderate:14602:combined_moderate:2.00,14602,combined_moderate,combined_moderate,2.0,1,0,427520,459520,26.72,28.72,False,f9a3807c3514c924
combined_moderate:14602:combined_moderate:3.00:0,combined_moderate:14602:combined_moderate:3.00,14602,combined_moderate,combined_moderate,3.0,1,0,331604,379604,20.72525,23.72525,False,f9a3807c3514c924
combined_moderate:14603:combined_moderate:1.00:0,combined_moderate:14603:combined_moderate:1.00,14603,combined_moderate,combined_moderate,1.0,1,0,129357,145357,8.0848125,9.0848125,False,f9a3807c3514c924
combined_moderate:14603:combined_moderate:2.00:0,combined_moderate:14603:combined_moderate:2.00,14603,combined_moderate,combined_moderate,2.0,1,0,380231,412231,23.7644375,25.7644375,False,f9a3807c3514c924
combined_moderate:14603:combined_moderate:3.00:0,combined_moderate:14603:combined_moderate:3.00,14603,combined_moderate,combined_moderate,3.0,1,0,161880,209880,10.1175,13.1175,False,f9a3807c3514c924
combined_moderate:14604:combined_moderate:1.00:0,combined_moderate:14604:combined_moderate:1.00,14604,combined_moderate,combined_moderate,1.0,1,0,109536,125536,6.846,7.846,False,f9a3807c3514c924
combined_moderate:14604:combined_moderate:2.00:0,combined_moderate:14604:combined_moderate:2.00,14604,combined_moderate,combined_moderate,2.0,1,0,160290,192290,10.018125,12.018125,False,f9a3807c3514c924
combined_moderate:14604:combined_moderate:3.00:0,combined_moderate:14604:combined_moderate:3.00,14604,combined_moderate,combined_moderate,3.0,1,0,383047,431047,23.9404375,26.9404375,False,f9a3807c3514c924
combined_moderate:14653:combined_moderate:1.00:0,combined_moderate:14653:combined_moderate:1.00,14653,combined_moderate,combined_moderate,1.0,1,0,407354,423354,25.459625,26.459625,False,f9a3807c3514c924
combined_moderate:14653:combined_moderate:2.00:0,combined_moderate:14653:combined_moderate:2.00,14653,combined_moderate,combined_moderate,2.0,1,0,365808,397808,22.863,24.863,False,f9a3807c3514c924
combined_moderate:14653:combined_moderate:3.00:0,combined_moderate:14653:combined_moderate:3.00,14653,combined_moderate,combined_moderate,3.0,1,0,403133,451133,25.1958125,28.1958125,False,f9a3807c3514c924
combined_moderate:14663:combined_moderate:1.00:0,combined_moderate:14663:combined_moderate:1.00,14663,combined_moderate,combined_moderate,1.0,1,0,126505,142505,7.9065625,8.9065625,False,f9a3807c3514c924
combined_moderate:14663:combined_moderate:2.00:0,combined_moderate:14663:combined_moderate:2.00,14663,combined_moderate,combined_moderate,2.0,1,0,276208,308208,17.263,19.263,False,f9a3807c3514c924
combined_moderate:14663:combined_moderate:3.00:0,combined_moderate:14663:combined_moderate:3.00,14663,combined_moderate,combined_moderate,3.0,1,0,373634,421634,23.352125,26.352125,False,f9a3807c3514c924
combined_moderate:14690:combined_moderate:1.00:0,combined_moderate:14690:combined_moderate:1.00,14690,combined_moderate,combined_moderate,1.0,1,0,390628,406628,24.41425,25.41425,False,f9a3807c3514c924
combined_moderate:14690:combined_moderate:2.00:0,combined_moderate:14690:combined_moderate:2.00,14690,combined_moderate,combined_moderate,2.0,1,0,437388,469388,27.33675,29.33675,False,f9a3807c3514c924
combined_moderate:14690:combined_moderate:3.00:0,combined_moderate:14690:combined_moderate:3.00,14690,combined_moderate,combined_moderate,3.0,1,0,98058,146058,6.128625,9.128625,False,f9a3807c3514c924
combined_moderate:14733:combined_moderate:1.00:0,combined_moderate:14733:combined_moderate:1.00,14733,combined_moderate,combined_moderate,1.0,1,0,394039,410039,24.6274375,25.6274375,False,f9a3807c3514c924
combined_moderate:14733:combined_moderate:2.00:0,combined_moderate:14733:combined_moderate:2.00,14733,combined_moderate,combined_moderate,2.0,1,0,167859,199859,10.4911875,12.4911875,False,f9a3807c3514c924
combined_moderate:14733:combined_moderate:3.00:0,combined_moderate:14733:combined_moderate:3.00,14733,combined_moderate,combined_moderate,3.0,1,0,295313,343313,18.4570625,21.4570625,False,f9a3807c3514c924
combined_moderate:14734:combined_moderate:1.00:0,combined_moderate:14734:combined_moderate:1.00,14734,combined_moderate,combined_moderate,1.0,1,0,2743,18743,0.1714375,1.1714375,False,f9a3807c3514c924
combined_moderate:14734:combined_moderate:2.00:0,combined_moderate:14734:combined_moderate:2.00,14734,combined_moderate,combined_moderate,2.0,1,0,392838,424838,24.552375,26.552375,False,f9a3807c3514c924
combined_moderate:14734:combined_moderate:3.00:0,combined_moderate:14734:combined_moderate:3.00,14734,combined_moderate,combined_moderate,3.0,1,0,389521,437521,24.3450625,27.3450625,False,f9a3807c3514c924
combined_moderate:14735:combined_moderate:1.00:0,combined_moderate:14735:combined_moderate:1.00,14735,combined_moderate,combined_moderate,1.0,1,0,156172,172172,9.76075,10.76075,False,f9a3807c3514c924
combined_moderate:14735:combined_moderate:2.00:0,combined_moderate:14735:combined_moderate:2.00,14735,combined_moderate,combined_moderate,2.0,1,0,159384,191384,9.9615,11.9615,False,f9a3807c3514c924
combined_moderate:14735:combined_moderate:3.00:0,combined_moderate:14735:combined_moderate:3.00,14735,combined_moderate,combined_moderate,3.0,1,0,12101,60101,0.7563125,3.7563125,False,f9a3807c3514c924
combined_moderate:14736:combined_moderate:1.00:0,combined_moderate:14736:combined_moderate:1.00,14736,combined_moderate,combined_moderate,1.0,1,0,317138,333138,19.821125,20.821125,False,f9a3807c3514c924
combined_moderate:14736:combined_moderate:2.00:0,combined_moderate:14736:combined_moderate:2.00,14736,combined_moderate,combined_moderate,2.0,1,0,368914,400914,23.057125,25.057125,False,f9a3807c3514c924
combined_moderate:14736:combined_moderate:3.00:0,combined_moderate:14736:combined_moderate:3.00,14736,combined_moderate,combined_moderate,3.0,1,0,163617,211617,10.2260625,13.2260625,False,f9a3807c3514c924
combined_moderate:14737:combined_moderate:1.00:0,combined_moderate:14737:combined_moderate:1.00,14737,combined_moderate,combined_moderate,1.0,1,0,393403,409403,24.5876875,25.5876875,False,f9a3807c3514c924
combined_moderate:14737:combined_moderate:2.00:0,combined_moderate:14737:combined_moderate:2.00,14737,combined_moderate,combined_moderate,2.0,1,0,315102,347102,19.693875,21.693875,False,f9a3807c3514c924
combined_moderate:14737:combined_moderate:3.00:0,combined_moderate:14737:combined_moderate:3.00,14737,combined_moderate,combined_moderate,3.0,1,0,97359,145359,6.0849375,9.0849375,False,f9a3807c3514c924
combined_moderate:14738:combined_moderate:1.00:0,combined_moderate:14738:combined_moderate:1.00,14738,combined_moderate,combined_moderate,1.0,1,0,350996,366996,21.93725,22.93725,False,f9a3807c3514c924
combined_moderate:14738:combined_moderate:2.00:0,combined_moderate:14738:combined_moderate:2.00,14738,combined_moderate,combined_moderate,2.0,1,0,74296,106296,4.6435,6.6435,False,f9a3807c3514c924
combined_moderate:14738:combined_moderate:3.00:0,combined_moderate:14738:combined_moderate:3.00,14738,combined_moderate,combined_moderate,3.0,1,0,162278,210278,10.142375,13.142375,False,f9a3807c3514c924
combined_moderate:14739:combined_moderate:1.00:0,combined_moderate:14739:combined_moderate:1.00,14739,combined_moderate,combined_moderate,1.0,1,0,405003,421003,25.3126875,26.3126875,False,f9a3807c3514c924
combined_moderate:14739:combined_moderate:2.00:0,combined_moderate:14739:combined_moderate:2.00,14739,combined_moderate,combined_moderate,2.0,1,0,17795,49795,1.1121875,3.1121875,False,f9a3807c3514c924
combined_moderate:14739:combined_moderate:3.00:0,combined_moderate:14739:combined_moderate:3.00,14739,combined_moderate,combined_moderate,3.0,1,0,401763,449763,25.1101875,28.1101875,False,f9a3807c3514c924
combined_moderate:14740:combined_moderate:1.00:0,combined_moderate:14740:combined_moderate:1.00,14740,combined_moderate,combined_moderate,1.0,1,0,399309,415309,24.9568125,25.9568125,False,f9a3807c3514c924
combined_moderate:14740:combined_moderate:2.00:0,combined_moderate:14740:combined_moderate:2.00,14740,combined_moderate,combined_moderate,2.0,1,0,441423,473423,27.5889375,29.5889375,False,f9a3807c3514c924
combined_moderate:14740:combined_moderate:3.00:0,combined_moderate:14740:combined_moderate:3.00,14740,combined_moderate,combined_moderate,3.0,1,0,116424,164424,7.2765,10.2765,False,f9a3807c3514c924
combined_moderate:14741:combined_moderate:1.00:0,combined_moderate:14741:combined_moderate:1.00,14741,combined_moderate,combined_moderate,1.0,1,0,31249,47249,1.9530625,2.9530625,False,f9a3807c3514c924
combined_moderate:14741:combined_moderate:2.00:0,combined_moderate:14741:combined_moderate:2.00,14741,combined_moderate,combined_moderate,2.0,1,0,4777,36777,0.2985625,2.2985625,False,f9a3807c3514c924
combined_moderate:14741:combined_moderate:3.00:0,combined_moderate:14741:combined_moderate:3.00,14741,combined_moderate,combined_moderate,3.0,1,0,408576,456576,25.536,28.536,False,f9a3807c3514c924
combined_moderate:14742:combined_moderate:1.00:0,combined_moderate:14742:combined_moderate:1.00,14742,combined_moderate,combined_moderate,1.0,1,0,32243,48243,2.0151875,3.0151875,False,f9a3807c3514c924
combined_moderate:14742:combined_moderate:2.00:0,combined_moderate:14742:combined_moderate:2.00,14742,combined_moderate,combined_moderate,2.0,1,0,377906,409906,23.619125,25.619125,False,f9a3807c3514c924
combined_moderate:14742:combined_moderate:3.00:0,combined_moderate:14742:combined_moderate:3.00,14742,combined_moderate,combined_moderate,3.0,1,0,110543,158543,6.9089375,9.9089375,False,f9a3807c3514c924
combined_moderate:14743:combined_moderate:1.00:0,combined_moderate:14743:combined_moderate:1.00,14743,combined_moderate,combined_moderate,1.0,1,0,402221,418221,25.1388125,26.1388125,False,f9a3807c3514c924
combined_moderate:14743:combined_moderate:2.00:0,combined_moderate:14743:combined_moderate:2.00,14743,combined_moderate,combined_moderate,2.0,1,0,171689,203689,10.7305625,12.7305625,False,f9a3807c3514c924
combined_moderate:14743:combined_moderate:3.00:0,combined_moderate:14743:combined_moderate:3.00,14743,combined_moderate,combined_moderate,3.0,1,0,65089,113089,4.0680625,7.0680625,False,f9a3807c3514c924
combined_moderate:14744:combined_moderate:1.00:0,combined_moderate:14744:combined_moderate:1.00,14744,combined_moderate,combined_moderate,1.0,1,0,297387,313387,18.5866875,19.5866875,False,f9a3807c3514c924
combined_moderate:14744:combined_moderate:2.00:0,combined_moderate:14744:combined_moderate:2.00,14744,combined_moderate,combined_moderate,2.0,1,0,430074,462074,26.879625,28.879625,False,f9a3807c3514c924
combined_moderate:14744:combined_moderate:3.00:0,combined_moderate:14744:combined_moderate:3.00,14744,combined_moderate,combined_moderate,3.0,1,0,273372,321372,17.08575,20.08575,False,f9a3807c3514c924
combined_moderate:14745:combined_moderate:1.00:0,combined_moderate:14745:combined_moderate:1.00,14745,combined_moderate,combined_moderate,1.0,1,0,119840,135840,7.49,8.49,False,f9a3807c3514c924
combined_moderate:14745:combined_moderate:2.00:0,combined_moderate:14745:combined_moderate:2.00,14745,combined_moderate,combined_moderate,2.0,1,0,321507,353507,20.0941875,22.0941875,False,f9a3807c3514c924
combined_moderate:14745:combined_moderate:3.00:0,combined_moderate:14745:combined_moderate:3.00,14745,combined_moderate,combined_moderate,3.0,1,0,94040,142040,5.8775,8.8775,False,f9a3807c3514c924
combined_moderate:15094:combined_moderate:1.00:0,combined_moderate:15094:combined_moderate:1.00,15094,combined_moderate,combined_moderate,1.0,1,0,146495,162495,9.1559375,10.1559375,False,f9a3807c3514c924
combined_moderate:15094:combined_moderate:2.00:0,combined_moderate:15094:combined_moderate:2.00,15094,combined_moderate,combined_moderate,2.0,1,0,159583,191583,9.9739375,11.9739375,False,f9a3807c3514c924
combined_moderate:15094:combined_moderate:3.00:0,combined_moderate:15094:combined_moderate:3.00,15094,combined_moderate,combined_moderate,3.0,1,0,25092,73092,1.56825,4.56825,False,f9a3807c3514c924
combined_moderate:16337:combined_moderate:1.00:0,combined_moderate:16337:combined_moderate:1.00,16337,combined_moderate,combined_moderate,1.0,1,0,325359,341359,20.3349375,21.3349375,False,f9a3807c3514c924
combined_moderate:16337:combined_moderate:2.00:0,combined_moderate:16337:combined_moderate:2.00,16337,combined_moderate,combined_moderate,2.0,1,0,95674,127674,5.979625,7.979625,False,f9a3807c3514c924
combined_moderate:16337:combined_moderate:3.00:0,combined_moderate:16337:combined_moderate:3.00,16337,combined_moderate,combined_moderate,3.0,1,0,46131,94131,2.8831875,5.8831875,False,f9a3807c3514c924
combined_moderate:16338:combined_moderate:1.00:0,combined_moderate:16338:combined_moderate:1.00,16338,combined_moderate,combined_moderate,1.0,1,0,142449,158449,8.9030625,9.9030625,False,f9a3807c3514c924
combined_moderate:16338:combined_moderate:2.00:0,combined_moderate:16338:combined_moderate:2.00,16338,combined_moderate,combined_moderate,2.0,1,0,352685,384685,22.0428125,24.0428125,False,f9a3807c3514c924
combined_moderate:16338:combined_moderate:3.00:0,combined_moderate:16338:combined_moderate:3.00,16338,combined_moderate,combined_moderate,3.0,1,0,152100,200100,9.50625,12.50625,False,f9a3807c3514c924
combined_moderate:16339:combined_moderate:1.00:0,combined_moderate:16339:combined_moderate:1.00,16339,combined_moderate,combined_moderate,1.0,1,0,372480,388480,23.28,24.28,False,f9a3807c3514c924
combined_moderate:16339:combined_moderate:2.00:0,combined_moderate:16339:combined_moderate:2.00,16339,combined_moderate,combined_moderate,2.0,1,0,107278,139278,6.704875,8.704875,False,f9a3807c3514c924
combined_moderate:16339:combined_moderate:3.00:0,combined_moderate:16339:combined_moderate:3.00,16339,combined_moderate,combined_moderate,3.0,1,0,277627,325627,17.3516875,20.3516875,False,f9a3807c3514c924
combined_moderate:16340:combined_moderate:1.00:0,combined_moderate:16340:combined_moderate:1.00,16340,combined_moderate,combined_moderate,1.0,1,0,134667,150667,8.4166875,9.4166875,False,f9a3807c3514c924
combined_moderate:16340:combined_moderate:2.00:0,combined_moderate:16340:combined_moderate:2.00,16340,combined_moderate,combined_moderate,2.0,1,0,377013,409013,23.5633125,25.5633125,False,f9a3807c3514c924
combined_moderate:16340:combined_moderate:3.00:0,combined_moderate:16340:combined_moderate:3.00,16340,combined_moderate,combined_moderate,3.0,1,0,1008,49008,0.063,3.063,False,f9a3807c3514c924
combined_moderate:16994:combined_moderate:1.00:0,combined_moderate:16994:combined_moderate:1.00,16994,combined_moderate,combined_moderate,1.0,1,0,176709,192709,11.0443125,12.0443125,False,f9a3807c3514c924
combined_moderate:16994:combined_moderate:2.00:0,combined_moderate:16994:combined_moderate:2.00,16994,combined_moderate,combined_moderate,2.0,1,0,77871,109871,4.8669375,6.8669375,False,f9a3807c3514c924
combined_moderate:16994:combined_moderate:3.00:0,combined_moderate:16994:combined_moderate:3.00,16994,combined_moderate,combined_moderate,3.0,1,0,142572,190572,8.91075,11.91075,False,f9a3807c3514c924
combined_moderate:16995:combined_moderate:1.00:0,combined_moderate:16995:combined_moderate:1.00,16995,combined_moderate,combined_moderate,1.0,1,0,25072,41072,1.567,2.567,False,f9a3807c3514c924
combined_moderate:16995:combined_moderate:2.00:0,combined_moderate:16995:combined_moderate:2.00,16995,combined_moderate,combined_moderate,2.0,1,0,399583,431583,24.9739375,26.9739375,False,f9a3807c3514c924
combined_moderate:16995:combined_moderate:3.00:0,combined_moderate:16995:combined_moderate:3.00,16995,combined_moderate,combined_moderate,3.0,1,0,100502,148502,6.281375,9.281375,False,f9a3807c3514c924
combined_moderate:16997:combined_moderate:1.00:0,combined_moderate:16997:combined_moderate:1.00,16997,combined_moderate,combined_moderate,1.0,1,0,179545,195545,11.2215625,12.2215625,False,f9a3807c3514c924
combined_moderate:16997:combined_moderate:2.00:0,combined_moderate:16997:combined_moderate:2.00,16997,combined_moderate,combined_moderate,2.0,1,0,169282,201282,10.580125,12.580125,False,f9a3807c3514c924
combined_moderate:16997:combined_moderate:3.00:0,combined_moderate:16997:combined_moderate:3.00,16997,combined_moderate,combined_moderate,3.0,1,0,123454,171454,7.715875,10.715875,False,f9a3807c3514c924
combined_moderate:18112:combined_moderate:1.00:0,combined_moderate:18112:combined_moderate:1.00,18112,combined_moderate,combined_moderate,1.0,1,0,430334,446334,26.895875,27.895875,False,f9a3807c3514c924
combined_moderate:18112:combined_moderate:2.00:0,combined_moderate:18112:combined_moderate:2.00,18112,combined_moderate,combined_moderate,2.0,1,0,290760,322760,18.1725,20.1725,False,f9a3807c3514c924
combined_moderate:18112:combined_moderate:3.00:0,combined_moderate:18112:combined_moderate:3.00,18112,combined_moderate,combined_moderate,3.0,1,0,26244,74244,1.64025,4.64025,False,f9a3807c3514c924
combined_moderate:18350:combined_moderate:1.00:0,combined_moderate:18350:combined_moderate:1.00,18350,combined_moderate,combined_moderate,1.0,1,0,10541,26541,0.6588125,1.6588125,False,f9a3807c3514c924
combined_moderate:18350:combined_moderate:2.00:0,combined_moderate:18350:combined_moderate:2.00,18350,combined_moderate,combined_moderate,2.0,1,0,152607,184607,9.5379375,11.5379375,False,f9a3807c3514c924
combined_moderate:18350:combined_moderate:3.00:0,combined_moderate:18350:combined_moderate:3.00,18350,combined_moderate,combined_moderate,3.0,1,0,88044,136044,5.50275,8.50275,False,f9a3807c3514c924
combined_moderate:19439:combined_moderate:1.00:0,combined_moderate:19439:combined_moderate:1.00,19439,combined_moderate,combined_moderate,1.0,1,0,290498,306498,18.156125,19.156125,False,f9a3807c3514c924
combined_moderate:19439:combined_moderate:2.00:0,combined_moderate:19439:combined_moderate:2.00,19439,combined_moderate,combined_moderate,2.0,1,0,164071,196071,10.2544375,12.2544375,False,f9a3807c3514c924
combined_moderate:19439:combined_moderate:3.00:0,combined_moderate:19439:combined_moderate:3.00,19439,combined_moderate,combined_moderate,3.0,1,0,39079,87079,2.4424375,5.4424375,False,f9a3807c3514c924
combined_moderate:19685:combined_moderate:1.00:0,combined_moderate:19685:combined_moderate:1.00,19685,combined_moderate,combined_moderate,1.0,1,0,417216,433216,26.076,27.076,False,f9a3807c3514c924
combined_moderate:19685:combined_moderate:2.00:0,combined_moderate:19685:combined_moderate:2.00,19685,combined_moderate,combined_moderate,2.0,1,0,334198,366198,20.887375,22.887375,False,f9a3807c3514c924
combined_moderate:19685:combined_moderate:3.00:0,combined_moderate:19685:combined_moderate:3.00,19685,combined_moderate,combined_moderate,3.0,1,0,280958,328958,17.559875,20.559875,False,f9a3807c3514c924
combined_moderate:20296:combined_moderate:1.00:0,combined_moderate:20296:combined_moderate:1.00,20296,combined_moderate,combined_moderate,1.0,1,0,397162,413162,24.822625,25.822625,False,f9a3807c3514c924
combined_moderate:20296:combined_moderate:2.00:0,combined_moderate:20296:combined_moderate:2.00,20296,combined_moderate,combined_moderate,2.0,1,0,425294,457294,26.580875,28.580875,False,f9a3807c3514c924
combined_moderate:20296:combined_moderate:3.00:0,combined_moderate:20296:combined_moderate:3.00,20296,combined_moderate,combined_moderate,3.0,1,0,414589,462589,25.9118125,28.9118125,False,f9a3807c3514c924
combined_moderate:20667:combined_moderate:1.00:0,combined_moderate:20667:combined_moderate:1.00,20667,combined_moderate,combined_moderate,1.0,1,0,178664,194664,11.1665,12.1665,False,f9a3807c3514c924
combined_moderate:20667:combined_moderate:2.00:0,combined_moderate:20667:combined_moderate:2.00,20667,combined_moderate,combined_moderate,2.0,1,0,445772,477772,27.86075,29.86075,False,f9a3807c3514c924
combined_moderate:20667:combined_moderate:3.00:0,combined_moderate:20667:combined_moderate:3.00,20667,combined_moderate,combined_moderate,3.0,1,0,372214,420214,23.263375,26.263375,False,f9a3807c3514c924
combined_moderate:21995:combined_moderate:1.00:0,combined_moderate:21995:combined_moderate:1.00,21995,combined_moderate,combined_moderate,1.0,1,0,174542,190542,10.908875,11.908875,False,f9a3807c3514c924
combined_moderate:21995:combined_moderate:2.00:0,combined_moderate:21995:combined_moderate:2.00,21995,combined_moderate,combined_moderate,2.0,1,0,442326,474326,27.645375,29.645375,False,f9a3807c3514c924
combined_moderate:21995:combined_moderate:3.00:0,combined_moderate:21995:combined_moderate:3.00,21995,combined_moderate,combined_moderate,3.0,1,0,97366,145366,6.085375,9.085375,False,f9a3807c3514c924
combined_moderate:21996:combined_moderate:1.00:0,combined_moderate:21996:combined_moderate:1.00,21996,combined_moderate,combined_moderate,1.0,1,0,444266,460266,27.766625,28.766625,False,f9a3807c3514c924
combined_moderate:21996:combined_moderate:2.00:0,combined_moderate:21996:combined_moderate:2.00,21996,combined_moderate,combined_moderate,2.0,1,0,312725,344725,19.5453125,21.5453125,False,f9a3807c3514c924
combined_moderate:21996:combined_moderate:3.00:0,combined_moderate:21996:combined_moderate:3.00,21996,combined_moderate,combined_moderate,3.0,1,0,122616,170616,7.6635,10.6635,False,f9a3807c3514c924
combined_moderate:21997:combined_moderate:1.00:0,combined_moderate:21997:combined_moderate:1.00,21997,combined_moderate,combined_moderate,1.0,1,0,37936,53936,2.371,3.371,False,f9a3807c3514c924
combined_moderate:21997:combined_moderate:2.00:0,combined_moderate:21997:combined_moderate:2.00,21997,combined_moderate,combined_moderate,2.0,1,0,332085,364085,20.7553125,22.7553125,False,f9a3807c3514c924
combined_moderate:21997:combined_moderate:3.00:0,combined_moderate:21997:combined_moderate:3.00,21997,combined_moderate,combined_moderate,3.0,1,0,341361,389361,21.3350625,24.3350625,False,f9a3807c3514c924
combined_moderate:21998:combined_moderate:1.00:0,combined_moderate:21998:combined_moderate:1.00,21998,combined_moderate,combined_moderate,1.0,1,0,115021,131021,7.1888125,8.1888125,False,f9a3807c3514c924
combined_moderate:21998:combined_moderate:2.00:0,combined_moderate:21998:combined_moderate:2.00,21998,combined_moderate,combined_moderate,2.0,1,0,407088,439088,25.443,27.443,False,f9a3807c3514c924
combined_moderate:21998:combined_moderate:3.00:0,combined_moderate:21998:combined_moderate:3.00,21998,combined_moderate,combined_moderate,3.0,1,0,311025,359025,19.4390625,22.4390625,False,f9a3807c3514c924
combined_moderate:21999:combined_moderate:1.00:0,combined_moderate:21999:combined_moderate:1.00,21999,combined_moderate,combined_moderate,1.0,1,0,48235,64235,3.0146875,4.0146875,False,f9a3807c3514c924
combined_moderate:21999:combined_moderate:2.00:0,combined_moderate:21999:combined_moderate:2.00,21999,combined_moderate,combined_moderate,2.0,1,0,68179,100179,4.2611875,6.2611875,False,f9a3807c3514c924
combined_moderate:21999:combined_moderate:3.00:0,combined_moderate:21999:combined_moderate:3.00,21999,combined_moderate,combined_moderate,3.0,1,0,168970,216970,10.560625,13.560625,False,f9a3807c3514c924
combined_moderate:22000:combined_moderate:1.00:0,combined_moderate:22000:combined_moderate:1.00,22000,combined_moderate,combined_moderate,1.0,1,0,456357,472357,28.5223125,29.5223125,False,f9a3807c3514c924
combined_moderate:22000:combined_moderate:2.00:0,combined_moderate:22000:combined_moderate:2.00,22000,combined_moderate,combined_moderate,2.0,1,0,40629,72629,2.5393125,4.5393125,False,f9a3807c3514c924
combined_moderate:22000:combined_moderate:3.00:0,combined_moderate:22000:combined_moderate:3.00,22000,combined_moderate,combined_moderate,3.0,1,0,122946,170946,7.684125,10.684125,False,f9a3807c3514c924
combined_moderate:22001:combined_moderate:1.00:0,combined_moderate:22001:combined_moderate:1.00,22001,combined_moderate,combined_moderate,1.0,1,0,97745,113745,6.1090625,7.1090625,False,f9a3807c3514c924
combined_moderate:22001:combined_moderate:2.00:0,combined_moderate:22001:combined_moderate:2.00,22001,combined_moderate,combined_moderate,2.0,1,0,69187,101187,4.3241875,6.3241875,False,f9a3807c3514c924
combined_moderate:22001:combined_moderate:3.00:0,combined_moderate:22001:combined_moderate:3.00,22001,combined_moderate,combined_moderate,3.0,1,0,337378,385378,21.086125,24.086125,False,f9a3807c3514c924
combined_moderate:23010:combined_moderate:1.00:0,combined_moderate:23010:combined_moderate:1.00,23010,combined_moderate,combined_moderate,1.0,1,0,290464,306464,18.154,19.154,False,f9a3807c3514c924
combined_moderate:23010:combined_moderate:2.00:0,combined_moderate:23010:combined_moderate:2.00,23010,combined_moderate,combined_moderate,2.0,1,0,380906,412906,23.806625,25.806625,False,f9a3807c3514c924
combined_moderate:23010:combined_moderate:3.00:0,combined_moderate:23010:combined_moderate:3.00,23010,combined_moderate,combined_moderate,3.0,1,0,388630,436630,24.289375,27.289375,False,f9a3807c3514c924
combined_moderate:23041:combined_moderate:1.00:0,combined_moderate:23041:combined_moderate:1.00,23041,combined_moderate,combined_moderate,1.0,1,0,77163,93163,4.8226875,5.8226875,False,f9a3807c3514c924
combined_moderate:23041:combined_moderate:2.00:0,combined_moderate:23041:combined_moderate:2.00,23041,combined_moderate,combined_moderate,2.0,1,0,271412,303412,16.96325,18.96325,False,f9a3807c3514c924
combined_moderate:23041:combined_moderate:3.00:0,combined_moderate:23041:combined_moderate:3.00,23041,combined_moderate,combined_moderate,3.0,1,0,274741,322741,17.1713125,20.1713125,False,f9a3807c3514c924
combined_moderate:23063:combined_moderate:1.00:0,combined_moderate:23063:combined_moderate:1.00,23063,combined_moderate,combined_moderate,1.0,1,0,387092,403092,24.19325,25.19325,False,f9a3807c3514c924
combined_moderate:23063:combined_moderate:2.00:0,combined_moderate:23063:combined_moderate:2.00,23063,combined_moderate,combined_moderate,2.0,1,0,373808,405808,23.363,25.363,False,f9a3807c3514c924
combined_moderate:23063:combined_moderate:3.00:0,combined_moderate:23063:combined_moderate:3.00,23063,combined_moderate,combined_moderate,3.0,1,0,309941,357941,19.3713125,22.3713125,False,f9a3807c3514c924
combined_moderate:23862:combined_moderate:1.00:0,combined_moderate:23862:combined_moderate:1.00,23862,combined_moderate,combined_moderate,1.0,1,0,126902,142902,7.931375,8.931375,False,f9a3807c3514c924
combined_moderate:23862:combined_moderate:2.00:0,combined_moderate:23862:combined_moderate:2.00,23862,combined_moderate,combined_moderate,2.0,1,0,283569,315569,17.7230625,19.7230625,False,f9a3807c3514c924
combined_moderate:23862:combined_moderate:3.00:0,combined_moderate:23862:combined_moderate:3.00,23862,combined_moderate,combined_moderate,3.0,1,0,271996,319996,16.99975,19.99975,False,f9a3807c3514c924
combined_moderate:25055:combined_moderate:1.00:0,combined_moderate:25055:combined_moderate:1.00,25055,combined_moderate,combined_moderate,1.0,1,0,2679,18679,0.1674375,1.1674375,False,f9a3807c3514c924
combined_moderate:25055:combined_moderate:2.00:0,combined_moderate:25055:combined_moderate:2.00,25055,combined_moderate,combined_moderate,2.0,1,0,381765,413765,23.8603125,25.8603125,False,f9a3807c3514c924
combined_moderate:25055:combined_moderate:3.00:0,combined_moderate:25055:combined_moderate:3.00,25055,combined_moderate,combined_moderate,3.0,1,0,149057,197057,9.3160625,12.3160625,False,f9a3807c3514c924
combined_moderate:26859:combined_moderate:1.00:0,combined_moderate:26859:combined_moderate:1.00,26859,combined_moderate,combined_moderate,1.0,1,0,428638,444638,26.789875,27.789875,False,f9a3807c3514c924
combined_moderate:26859:combined_moderate:2.00:0,combined_moderate:26859:combined_moderate:2.00,26859,combined_moderate,combined_moderate,2.0,1,0,362115,394115,22.6321875,24.6321875,False,f9a3807c3514c924
combined_moderate:26859:combined_moderate:3.00:0,combined_moderate:26859:combined_moderate:3.00,26859,combined_moderate,combined_moderate,3.0,1,0,147842,195842,9.240125,12.240125,False,f9a3807c3514c924
combined_moderate:26861:combined_moderate:1.00:0,combined_moderate:26861:combined_moderate:1.00,26861,combined_moderate,combined_moderate,1.0,1,0,438383,454383,27.3989375,28.3989375,False,f9a3807c3514c924
combined_moderate:26861:combined_moderate:2.00:0,combined_moderate:26861:combined_moderate:2.00,26861,combined_moderate,combined_moderate,2.0,1,0,391820,423820,24.48875,26.48875,False,f9a3807c3514c924
combined_moderate:26861:combined_moderate:3.00:0,combined_moderate:26861:combined_moderate:3.00,26861,combined_moderate,combined_moderate,3.0,1,0,21193,69193,1.3245625,4.3245625,False,f9a3807c3514c924
combined_moderate:26902:combined_moderate:1.00:0,combined_moderate:26902:combined_moderate:1.00,26902,combined_moderate,combined_moderate,1.0,1,0,132109,148109,8.2568125,9.2568125,False,f9a3807c3514c924
combined_moderate:26902:combined_moderate:2.00:0,combined_moderate:26902:combined_moderate:2.00,26902,combined_moderate,combined_moderate,2.0,1,0,87257,119257,5.4535625,7.4535625,False,f9a3807c3514c924
combined_moderate:26902:combined_moderate:3.00:0,combined_moderate:26902:combined_moderate:3.00,26902,combined_moderate,combined_moderate,3.0,1,0,112221,160221,7.0138125,10.0138125,False,f9a3807c3514c924
combined_moderate:26904:combined_moderate:1.00:0,combined_moderate:26904:combined_moderate:1.00,26904,combined_moderate,combined_moderate,1.0,1,0,279081,295081,17.4425625,18.4425625,False,f9a3807c3514c924
combined_moderate:26904:combined_moderate:2.00:0,combined_moderate:26904:combined_moderate:2.00,26904,combined_moderate,combined_moderate,2.0,1,0,350487,382487,21.9054375,23.9054375,False,f9a3807c3514c924
combined_moderate:26904:combined_moderate:3.00:0,combined_moderate:26904:combined_moderate:3.00,26904,combined_moderate,combined_moderate,3.0,1,0,63459,111459,3.9661875,6.9661875,False,f9a3807c3514c924
combined_moderate:26905:combined_moderate:1.00:0,combined_moderate:26905:combined_moderate:1.00,26905,combined_moderate,combined_moderate,1.0,1,0,336049,352049,21.0030625,22.0030625,False,f9a3807c3514c924
combined_moderate:26905:combined_moderate:2.00:0,combined_moderate:26905:combined_moderate:2.00,26905,combined_moderate,combined_moderate,2.0,1,0,64227,96227,4.0141875,6.0141875,False,f9a3807c3514c924
combined_moderate:26905:combined_moderate:3.00:0,combined_moderate:26905:combined_moderate:3.00,26905,combined_moderate,combined_moderate,3.0,1,0,351592,399592,21.9745,24.9745,False,f9a3807c3514c924
combined_moderate:26906:combined_moderate:1.00:0,combined_moderate:26906:combined_moderate:1.00,26906,combined_moderate,combined_moderate,1.0,1,0,463390,479390,28.961875,29.961875,False,f9a3807c3514c924
combined_moderate:26906:combined_moderate:2.00:0,combined_moderate:26906:combined_moderate:2.00,26906,combined_moderate,combined_moderate,2.0,1,0,11615,43615,0.7259375,2.7259375,False,f9a3807c3514c924
combined_moderate:26906:combined_moderate:3.00:0,combined_moderate:26906:combined_moderate:3.00,26906,combined_moderate,combined_moderate,3.0,1,0,319725,367725,19.9828125,22.9828125,False,f9a3807c3514c924
combined_moderate:28070:combined_moderate:1.00:0,combined_moderate:28070:combined_moderate:1.00,28070,combined_moderate,combined_moderate,1.0,1,0,68737,84737,4.2960625,5.2960625,False,f9a3807c3514c924
combined_moderate:28070:combined_moderate:2.00:0,combined_moderate:28070:combined_moderate:2.00,28070,combined_moderate,combined_moderate,2.0,1,0,447280,479280,27.955,29.955,False,f9a3807c3514c924
combined_moderate:28070:combined_moderate:3.00:0,combined_moderate:28070:combined_moderate:3.00,28070,combined_moderate,combined_moderate,3.0,1,0,343628,391628,21.47675,24.47675,False,f9a3807c3514c924
combined_moderate:28072:combined_moderate:1.00:0,combined_moderate:28072:combined_moderate:1.00,28072,combined_moderate,combined_moderate,1.0,1,0,346739,362739,21.6711875,22.6711875,False,f9a3807c3514c924
combined_moderate:28072:combined_moderate:2.00:0,combined_moderate:28072:combined_moderate:2.00,28072,combined_moderate,combined_moderate,2.0,1,0,141271,173271,8.8294375,10.8294375,False,f9a3807c3514c924
combined_moderate:28072:combined_moderate:3.00:0,combined_moderate:28072:combined_moderate:3.00,28072,combined_moderate,combined_moderate,3.0,1,0,336241,384241,21.0150625,24.0150625,False,f9a3807c3514c924
combined_moderate:28179:combined_moderate:1.00:0,combined_moderate:28179:combined_moderate:1.00,28179,combined_moderate,combined_moderate,1.0,1,0,339001,355001,21.1875625,22.1875625,False,f9a3807c3514c924
combined_moderate:28179:combined_moderate:2.00:0,combined_moderate:28179:combined_moderate:2.00,28179,combined_moderate,combined_moderate,2.0,1,0,396194,428194,24.762125,26.762125,False,f9a3807c3514c924
combined_moderate:28179:combined_moderate:3.00:0,combined_moderate:28179:combined_moderate:3.00,28179,combined_moderate,combined_moderate,3.0,1,0,41526,89526,2.595375,5.595375,False,f9a3807c3514c924
combined_moderate:28266:combined_moderate:1.00:0,combined_moderate:28266:combined_moderate:1.00,28266,combined_moderate,combined_moderate,1.0,1,0,370812,386812,23.17575,24.17575,False,f9a3807c3514c924
combined_moderate:28266:combined_moderate:2.00:0,combined_moderate:28266:combined_moderate:2.00,28266,combined_moderate,combined_moderate,2.0,1,0,302491,334491,18.9056875,20.9056875,False,f9a3807c3514c924
combined_moderate:28266:combined_moderate:3.00:0,combined_moderate:28266:combined_moderate:3.00,28266,combined_moderate,combined_moderate,3.0,1,0,377788,425788,23.61175,26.61175,False,f9a3807c3514c924
combined_moderate:28692:combined_moderate:1.00:0,combined_moderate:28692:combined_moderate:1.00,28692,combined_moderate,combined_moderate,1.0,1,0,22827,38827,1.4266875,2.4266875,False,f9a3807c3514c924
combined_moderate:28692:combined_moderate:2.00:0,combined_moderate:28692:combined_moderate:2.00,28692,combined_moderate,combined_moderate,2.0,1,0,273188,305188,17.07425,19.07425,False,f9a3807c3514c924
combined_moderate:28692:combined_moderate:3.00:0,combined_moderate:28692:combined_moderate:3.00,28692,combined_moderate,combined_moderate,3.0,1,0,412112,460112,25.757,28.757,False,f9a3807c3514c924
combined_moderate:28802:combined_moderate:1.00:0,combined_moderate:28802:combined_moderate:1.00,28802,combined_moderate,combined_moderate,1.0,1,0,440136,456136,27.5085,28.5085,False,f9a3807c3514c924
combined_moderate:28802:combined_moderate:2.00:0,combined_moderate:28802:combined_moderate:2.00,28802,combined_moderate,combined_moderate,2.0,1,0,34478,66478,2.154875,4.154875,False,f9a3807c3514c924
combined_moderate:28802:combined_moderate:3.00:0,combined_moderate:28802:combined_moderate:3.00,28802,combined_moderate,combined_moderate,3.0,1,0,419668,467668,26.22925,29.22925,False,f9a3807c3514c924
combined_moderate:29351:combined_moderate:1.00:0,combined_moderate:29351:combined_moderate:1.00,29351,combined_moderate,combined_moderate,1.0,1,0,10875,26875,0.6796875,1.6796875,False,f9a3807c3514c924
combined_moderate:29351:combined_moderate:2.00:0,combined_moderate:29351:combined_moderate:2.00,29351,combined_moderate,combined_moderate,2.0,1,0,300575,332575,18.7859375,20.7859375,False,f9a3807c3514c924
combined_moderate:29351:combined_moderate:3.00:0,combined_moderate:29351:combined_moderate:3.00,29351,combined_moderate,combined_moderate,3.0,1,0,293019,341019,18.3136875,21.3136875,False,f9a3807c3514c924
combined_moderate:30316:combined_moderate:1.00:0,combined_moderate:30316:combined_moderate:1.00,30316,combined_moderate,combined_moderate,1.0,1,0,417963,433963,26.1226875,27.1226875,False,f9a3807c3514c924
combined_moderate:30316:combined_moderate:2.00:0,combined_moderate:30316:combined_moderate:2.00,30316,combined_moderate,combined_moderate,2.0,1,0,434793,466793,27.1745625,29.1745625,False,f9a3807c3514c924
combined_moderate:30316:combined_moderate:3.00:0,combined_moderate:30316:combined_moderate:3.00,30316,combined_moderate,combined_moderate,3.0,1,0,141355,189355,8.8346875,11.8346875,False,f9a3807c3514c924
combined_moderate:32435:combined_moderate:1.00:0,combined_moderate:32435:combined_moderate:1.00,32435,combined_moderate,combined_moderate,1.0,1,0,460371,476371,28.7731875,29.7731875,False,f9a3807c3514c924
combined_moderate:32435:combined_moderate:2.00:0,combined_moderate:32435:combined_moderate:2.00,32435,combined_moderate,combined_moderate,2.0,1,0,380279,412279,23.7674375,25.7674375,False,f9a3807c3514c924
combined_moderate:32435:combined_moderate:3.00:0,combined_moderate:32435:combined_moderate:3.00,32435,combined_moderate,combined_moderate,3.0,1,0,159780,207780,9.98625,12.98625,False,f9a3807c3514c924
combined_moderate:33992:combined_moderate:1.00:0,combined_moderate:33992:combined_moderate:1.00,33992,combined_moderate,combined_moderate,1.0,1,0,106743,122743,6.6714375,7.6714375,False,f9a3807c3514c924
combined_moderate:33992:combined_moderate:2.00:0,combined_moderate:33992:combined_moderate:2.00,33992,combined_moderate,combined_moderate,2.0,1,0,433664,465664,27.104,29.104,False,f9a3807c3514c924
combined_moderate:33992:combined_moderate:3.00:0,combined_moderate:33992:combined_moderate:3.00,33992,combined_moderate,combined_moderate,3.0,1,0,340431,388431,21.2769375,24.2769375,False,f9a3807c3514c924
combined_moderate:35182:combined_moderate:1.00:0,combined_moderate:35182:combined_moderate:1.00,35182,combined_moderate,combined_moderate,1.0,1,0,136473,152473,8.5295625,9.5295625,False,f9a3807c3514c924
combined_moderate:35182:combined_moderate:2.00:0,combined_moderate:35182:combined_moderate:2.00,35182,combined_moderate,combined_moderate,2.0,1,0,100531,132531,6.2831875,8.2831875,False,f9a3807c3514c924
combined_moderate:35182:combined_moderate:3.00:0,combined_moderate:35182:combined_moderate:3.00,35182,combined_moderate,combined_moderate,3.0,1,0,45263,93263,2.8289375,5.8289375,False,f9a3807c3514c924
combined_moderate:35184:combined_moderate:1.00:0,combined_moderate:35184:combined_moderate:1.00,35184,combined_moderate,combined_moderate,1.0,1,0,319162,335162,19.947625,20.947625,False,f9a3807c3514c924
combined_moderate:35184:combined_moderate:2.00:0,combined_moderate:35184:combined_moderate:2.00,35184,combined_moderate,combined_moderate,2.0,1,0,147935,179935,9.2459375,11.2459375,False,f9a3807c3514c924
combined_moderate:35184:combined_moderate:3.00:0,combined_moderate:35184:combined_moderate:3.00,35184,combined_moderate,combined_moderate,3.0,1,0,32653,80653,2.0408125,5.0408125,False,f9a3807c3514c924
combined_moderate:35198:combined_moderate:1.00:0,combined_moderate:35198:combined_moderate:1.00,35198,combined_moderate,combined_moderate,1.0,1,0,171721,187721,10.7325625,11.7325625,False,f9a3807c3514c924
combined_moderate:35198:combined_moderate:2.00:0,combined_moderate:35198:combined_moderate:2.00,35198,combined_moderate,combined_moderate,2.0,1,0,101316,133316,6.33225,8.33225,False,f9a3807c3514c924
combined_moderate:35198:combined_moderate:3.00:0,combined_moderate:35198:combined_moderate:3.00,35198,combined_moderate,combined_moderate,3.0,1,0,31056,79056,1.941,4.941,False,f9a3807c3514c924
combined_moderate:35199:combined_moderate:1.00:0,combined_moderate:35199:combined_moderate:1.00,35199,combined_moderate,combined_moderate,1.0,1,0,181936,197936,11.371,12.371,False,f9a3807c3514c924
combined_moderate:35199:combined_moderate:2.00:0,combined_moderate:35199:combined_moderate:2.00,35199,combined_moderate,combined_moderate,2.0,1,0,35275,67275,2.2046875,4.2046875,False,f9a3807c3514c924
combined_moderate:35199:combined_moderate:3.00:0,combined_moderate:35199:combined_moderate:3.00,35199,combined_moderate,combined_moderate,3.0,1,0,273218,321218,17.076125,20.076125,False,f9a3807c3514c924
combined_moderate:35204:combined_moderate:1.00:0,combined_moderate:35204:combined_moderate:1.00,35204,combined_moderate,combined_moderate,1.0,1,0,393763,409763,24.6101875,25.6101875,False,f9a3807c3514c924
combined_moderate:35204:combined_moderate:2.00:0,combined_moderate:35204:combined_moderate:2.00,35204,combined_moderate,combined_moderate,2.0,1,0,126479,158479,7.9049375,9.9049375,False,f9a3807c3514c924
combined_moderate:35204:combined_moderate:3.00:0,combined_moderate:35204:combined_moderate:3.00,35204,combined_moderate,combined_moderate,3.0,1,0,90741,138741,5.6713125,8.6713125,False,f9a3807c3514c924
combined_moderate:35544:combined_moderate:1.00:0,combined_moderate:35544:combined_moderate:1.00,35544,combined_moderate,combined_moderate,1.0,1,0,179344,195344,11.209,12.209,False,f9a3807c3514c924
combined_moderate:35544:combined_moderate:2.00:0,combined_moderate:35544:combined_moderate:2.00,35544,combined_moderate,combined_moderate,2.0,1,0,808,32808,0.0505,2.0505,False,f9a3807c3514c924
combined_moderate:35544:combined_moderate:3.00:0,combined_moderate:35544:combined_moderate:3.00,35544,combined_moderate,combined_moderate,3.0,1,0,61419,109419,3.8386875,6.8386875,False,f9a3807c3514c924
combined_moderate:35545:combined_moderate:1.00:0,combined_moderate:35545:combined_moderate:1.00,35545,combined_moderate,combined_moderate,1.0,1,0,38814,54814,2.425875,3.425875,False,f9a3807c3514c924
combined_moderate:35545:combined_moderate:2.00:0,combined_moderate:35545:combined_moderate:2.00,35545,combined_moderate,combined_moderate,2.0,1,0,46485,78485,2.9053125,4.9053125,False,f9a3807c3514c924
combined_moderate:35545:combined_moderate:3.00:0,combined_moderate:35545:combined_moderate:3.00,35545,combined_moderate,combined_moderate,3.0,1,0,414743,462743,25.9214375,28.9214375,False,f9a3807c3514c924
combined_moderate:35549:combined_moderate:1.00:0,combined_moderate:35549:combined_moderate:1.00,35549,combined_moderate,combined_moderate,1.0,1,0,33804,49804,2.11275,3.11275,False,f9a3807c3514c924
combined_moderate:35549:combined_moderate:2.00:0,combined_moderate:35549:combined_moderate:2.00,35549,combined_moderate,combined_moderate,2.0,1,0,278648,310648,17.4155,19.4155,False,f9a3807c3514c924
combined_moderate:35549:combined_moderate:3.00:0,combined_moderate:35549:combined_moderate:3.00,35549,combined_moderate,combined_moderate,3.0,1,0,423107,471107,26.4441875,29.4441875,False,f9a3807c3514c924
combined_moderate:35550:combined_moderate:1.00:0,combined_moderate:35550:combined_moderate:1.00,35550,combined_moderate,combined_moderate,1.0,1,0,282895,298895,17.6809375,18.6809375,False,f9a3807c3514c924
combined_moderate:35550:combined_moderate:2.00:0,combined_moderate:35550:combined_moderate:2.00,35550,combined_moderate,combined_moderate,2.0,1,0,356491,388491,22.2806875,24.2806875,False,f9a3807c3514c924
combined_moderate:35550:combined_moderate:3.00:0,combined_moderate:35550:combined_moderate:3.00,35550,combined_moderate,combined_moderate,3.0,1,0,374660,422660,23.41625,26.41625,False,f9a3807c3514c924
combined_moderate:35569:combined_moderate:1.00:0,combined_moderate:35569:combined_moderate:1.00,35569,combined_moderate,combined_moderate,1.0,1,0,300446,316446,18.777875,19.777875,False,f9a3807c3514c924
combined_moderate:35569:combined_moderate:2.00:0,combined_moderate:35569:combined_moderate:2.00,35569,combined_moderate,combined_moderate,2.0,1,0,444457,476457,27.7785625,29.7785625,False,f9a3807c3514c924
combined_moderate:35569:combined_moderate:3.00:0,combined_moderate:35569:combined_moderate:3.00,35569,combined_moderate,combined_moderate,3.0,1,0,107086,155086,6.692875,9.692875,False,f9a3807c3514c924
combined_moderate:35608:combined_moderate:1.00:0,combined_moderate:35608:combined_moderate:1.00,35608,combined_moderate,combined_moderate,1.0,1,0,349659,365659,21.8536875,22.8536875,False,f9a3807c3514c924
combined_moderate:35608:combined_moderate:2.00:0,combined_moderate:35608:combined_moderate:2.00,35608,combined_moderate,combined_moderate,2.0,1,0,378150,410150,23.634375,25.634375,False,f9a3807c3514c924
combined_moderate:35608:combined_moderate:3.00:0,combined_moderate:35608:combined_moderate:3.00,35608,combined_moderate,combined_moderate,3.0,1,0,350159,398159,21.8849375,24.8849375,False,f9a3807c3514c924
combined_moderate:36096:combined_moderate:1.00:0,combined_moderate:36096:combined_moderate:1.00,36096,combined_moderate,combined_moderate,1.0,1,0,51543,67543,3.2214375,4.2214375,False,f9a3807c3514c924
combined_moderate:36096:combined_moderate:2.00:0,combined_moderate:36096:combined_moderate:2.00,36096,combined_moderate,combined_moderate,2.0,1,0,297977,329977,18.6235625,20.6235625,False,f9a3807c3514c924
combined_moderate:36096:combined_moderate:3.00:0,combined_moderate:36096:combined_moderate:3.00,36096,combined_moderate,combined_moderate,3.0,1,0,5346,53346,0.334125,3.334125,False,f9a3807c3514c924
combined_moderate:36097:combined_moderate:1.00:0,combined_moderate:36097:combined_moderate:1.00,36097,combined_moderate,combined_moderate,1.0,1,0,146308,162308,9.14425,10.14425,False,f9a3807c3514c924
combined_moderate:36097:combined_moderate:2.00:0,combined_moderate:36097:combined_moderate:2.00,36097,combined_moderate,combined_moderate,2.0,1,0,363688,395688,22.7305,24.7305,False,f9a3807c3514c924
combined_moderate:36097:combined_moderate:3.00:0,combined_moderate:36097:combined_moderate:3.00,36097,combined_moderate,combined_moderate,3.0,1,0,307662,355662,19.228875,22.228875,False,f9a3807c3514c924
combined_moderate:36099:combined_moderate:1.00:0,combined_moderate:36099:combined_moderate:1.00,36099,combined_moderate,combined_moderate,1.0,1,0,397022,413022,24.813875,25.813875,False,f9a3807c3514c924
combined_moderate:36099:combined_moderate:2.00:0,combined_moderate:36099:combined_moderate:2.00,36099,combined_moderate,combined_moderate,2.0,1,0,369996,401996,23.12475,25.12475,False,f9a3807c3514c924
combined_moderate:36099:combined_moderate:3.00:0,combined_moderate:36099:combined_moderate:3.00,36099,combined_moderate,combined_moderate,3.0,1,0,423468,471468,26.46675,29.46675,False,f9a3807c3514c924
combined_moderate:36302:combined_moderate:1.00:0,combined_moderate:36302:combined_moderate:1.00,36302,combined_moderate,combined_moderate,1.0,1,0,325054,341054,20.315875,21.315875,False,f9a3807c3514c924
combined_moderate:36302:combined_moderate:2.00:0,combined_moderate:36302:combined_moderate:2.00,36302,combined_moderate,combined_moderate,2.0,1,0,29868,61868,1.86675,3.86675,False,f9a3807c3514c924
combined_moderate:36302:combined_moderate:3.00:0,combined_moderate:36302:combined_moderate:3.00,36302,combined_moderate,combined_moderate,3.0,1,0,276321,324321,17.2700625,20.2700625,False,f9a3807c3514c924
combined_moderate:36799:combined_moderate:1.00:0,combined_moderate:36799:combined_moderate:1.00,36799,combined_moderate,combined_moderate,1.0,1,0,121760,137760,7.61,8.61,False,f9a3807c3514c924
combined_moderate:36799:combined_moderate:2.00:0,combined_moderate:36799:combined_moderate:2.00,36799,combined_moderate,combined_moderate,2.0,1,0,326589,358589,20.4118125,22.4118125,False,f9a3807c3514c924
combined_moderate:36799:combined_moderate:3.00:0,combined_moderate:36799:combined_moderate:3.00,36799,combined_moderate,combined_moderate,3.0,1,0,23874,71874,1.492125,4.492125,False,f9a3807c3514c924
combined_moderate:36959:combined_moderate:1.00:0,combined_moderate:36959:combined_moderate:1.00,36959,combined_moderate,combined_moderate,1.0,1,0,14457,30457,0.9035625,1.9035625,False,f9a3807c3514c924
combined_moderate:36959:combined_moderate:2.00:0,combined_moderate:36959:combined_moderate:2.00,36959,combined_moderate,combined_moderate,2.0,1,0,440045,472045,27.5028125,29.5028125,False,f9a3807c3514c924
combined_moderate:36959:combined_moderate:3.00:0,combined_moderate:36959:combined_moderate:3.00,36959,combined_moderate,combined_moderate,3.0,1,0,393703,441703,24.6064375,27.6064375,False,f9a3807c3514c924
combined_moderate:36961:combined_moderate:1.00:0,combined_moderate:36961:combined_moderate:1.00,36961,combined_moderate,combined_moderate,1.0,1,0,418848,434848,26.178,27.178,False,f9a3807c3514c924
combined_moderate:36961:combined_moderate:2.00:0,combined_moderate:36961:combined_moderate:2.00,36961,combined_moderate,combined_moderate,2.0,1,0,77889,109889,4.8680625,6.8680625,False,f9a3807c3514c924
combined_moderate:36961:combined_moderate:3.00:0,combined_moderate:36961:combined_moderate:3.00,36961,combined_moderate,combined_moderate,3.0,1,0,35283,83283,2.2051875,5.2051875,False,f9a3807c3514c924
combined_moderate:36965:combined_moderate:1.00:0,combined_moderate:36965:combined_moderate:1.00,36965,combined_moderate,combined_moderate,1.0,1,0,334550,350550,20.909375,21.909375,False,f9a3807c3514c924
combined_moderate:36965:combined_moderate:2.00:0,combined_moderate:36965:combined_moderate:2.00,36965,combined_moderate,combined_moderate,2.0,1,0,273977,305977,17.1235625,19.1235625,False,f9a3807c3514c924
combined_moderate:36965:combined_moderate:3.00:0,combined_moderate:36965:combined_moderate:3.00,36965,combined_moderate,combined_moderate,3.0,1,0,131875,179875,8.2421875,11.2421875,False,f9a3807c3514c924
combined_moderate:36966:combined_moderate:1.00:0,combined_moderate:36966:combined_moderate:1.00,36966,combined_moderate,combined_moderate,1.0,1,0,363486,379486,22.717875,23.717875,False,f9a3807c3514c924
combined_moderate:36966:combined_moderate:2.00:0,combined_moderate:36966:combined_moderate:2.00,36966,combined_moderate,combined_moderate,2.0,1,0,168364,200364,10.52275,12.52275,False,f9a3807c3514c924
combined_moderate:36966:combined_moderate:3.00:0,combined_moderate:36966:combined_moderate:3.00,36966,combined_moderate,combined_moderate,3.0,1,0,371177,419177,23.1985625,26.1985625,False,f9a3807c3514c924
combined_moderate:36998:combined_moderate:1.00:0,combined_moderate:36998:combined_moderate:1.00,36998,combined_moderate,combined_moderate,1.0,1,0,295450,311450,18.465625,19.465625,False,f9a3807c3514c924
combined_moderate:36998:combined_moderate:2.00:0,combined_moderate:36998:combined_moderate:2.00,36998,combined_moderate,combined_moderate,2.0,1,0,65679,97679,4.1049375,6.1049375,False,f9a3807c3514c924
combined_moderate:36998:combined_moderate:3.00:0,combined_moderate:36998:combined_moderate:3.00,36998,combined_moderate,combined_moderate,3.0,1,0,165083,213083,10.3176875,13.3176875,False,f9a3807c3514c924
combined_moderate:38775:combined_moderate:1.00:0,combined_moderate:38775:combined_moderate:1.00,38775,combined_moderate,combined_moderate,1.0,1,0,417246,433246,26.077875,27.077875,False,f9a3807c3514c924
combined_moderate:38775:combined_moderate:2.00:0,combined_moderate:38775:combined_moderate:2.00,38775,combined_moderate,combined_moderate,2.0,1,0,118418,150418,7.401125,9.401125,False,f9a3807c3514c924
combined_moderate:38775:combined_moderate:3.00:0,combined_moderate:38775:combined_moderate:3.00,38775,combined_moderate,combined_moderate,3.0,1,0,287757,335757,17.9848125,20.9848125,False,f9a3807c3514c924
combined_moderate:38776:combined_moderate:1.00:0,combined_moderate:38776:combined_moderate:1.00,38776,combined_moderate,combined_moderate,1.0,1,0,332514,348514,20.782125,21.782125,False,f9a3807c3514c924
combined_moderate:38776:combined_moderate:2.00:0,combined_moderate:38776:combined_moderate:2.00,38776,combined_moderate,combined_moderate,2.0,1,0,330331,362331,20.6456875,22.6456875,False,f9a3807c3514c924
combined_moderate:38776:combined_moderate:3.00:0,combined_moderate:38776:combined_moderate:3.00,38776,combined_moderate,combined_moderate,3.0,1,0,307141,355141,19.1963125,22.1963125,False,f9a3807c3514c924
combined_moderate:38777:combined_moderate:1.00:0,combined_moderate:38777:combined_moderate:1.00,38777,combined_moderate,combined_moderate,1.0,1,0,164469,180469,10.2793125,11.2793125,False,f9a3807c3514c924
combined_moderate:38777:combined_moderate:2.00:0,combined_moderate:38777:combined_moderate:2.00,38777,combined_moderate,combined_moderate,2.0,1,0,79780,111780,4.98625,6.98625,False,f9a3807c3514c924
combined_moderate:38777:combined_moderate:3.00:0,combined_moderate:38777:combined_moderate:3.00,38777,combined_moderate,combined_moderate,3.0,1,0,287322,335322,17.957625,20.957625,False,f9a3807c3514c924
combined_moderate:38778:combined_moderate:1.00:0,combined_moderate:38778:combined_moderate:1.00,38778,combined_moderate,combined_moderate,1.0,1,0,125426,141426,7.839125,8.839125,False,f9a3807c3514c924
combined_moderate:38778:combined_moderate:2.00:0,combined_moderate:38778:combined_moderate:2.00,38778,combined_moderate,combined_moderate,2.0,1,0,170551,202551,10.6594375,12.6594375,False,f9a3807c3514c924
combined_moderate:38778:combined_moderate:3.00:0,combined_moderate:38778:combined_moderate:3.00,38778,combined_moderate,combined_moderate,3.0,1,0,18870,66870,1.179375,4.179375,False,f9a3807c3514c924
combined_moderate:38779:combined_moderate:1.00:0,combined_moderate:38779:combined_moderate:1.00,38779,combined_moderate,combined_moderate,1.0,1,0,448766,464766,28.047875,29.047875,False,f9a3807c3514c924
combined_moderate:38779:combined_moderate:2.00:0,combined_moderate:38779:combined_moderate:2.00,38779,combined_moderate,combined_moderate,2.0,1,0,400676,432676,25.04225,27.04225,False,f9a3807c3514c924
combined_moderate:38779:combined_moderate:3.00:0,combined_moderate:38779:combined_moderate:3.00,38779,combined_moderate,combined_moderate,3.0,1,0,320355,368355,20.0221875,23.0221875,False,f9a3807c3514c924
combined_moderate:38780:combined_moderate:1.00:0,combined_moderate:38780:combined_moderate:1.00,38780,combined_moderate,combined_moderate,1.0,1,0,163153,179153,10.1970625,11.1970625,False,f9a3807c3514c924
combined_moderate:38780:combined_moderate:2.00:0,combined_moderate:38780:combined_moderate:2.00,38780,combined_moderate,combined_moderate,2.0,1,0,357873,389873,22.3670625,24.3670625,False,f9a3807c3514c924
combined_moderate:38780:combined_moderate:3.00:0,combined_moderate:38780:combined_moderate:3.00,38780,combined_moderate,combined_moderate,3.0,1,0,294840,342840,18.4275,21.4275,False,f9a3807c3514c924
combined_moderate:38781:combined_moderate:1.00:0,combined_moderate:38781:combined_moderate:1.00,38781,combined_moderate,combined_moderate,1.0,1,0,456042,472042,28.502625,29.502625,False,f9a3807c3514c924
combined_moderate:38781:combined_moderate:2.00:0,combined_moderate:38781:combined_moderate:2.00,38781,combined_moderate,combined_moderate,2.0,1,0,12654,44654,0.790875,2.790875,False,f9a3807c3514c924
combined_moderate:38781:combined_moderate:3.00:0,combined_moderate:38781:combined_moderate:3.00,38781,combined_moderate,combined_moderate,3.0,1,0,272031,320031,17.0019375,20.0019375,False,f9a3807c3514c924
combined_moderate:38782:combined_moderate:1.00:0,combined_moderate:38782:combined_moderate:1.00,38782,combined_moderate,combined_moderate,1.0,1,0,308137,324137,19.2585625,20.2585625,False,f9a3807c3514c924
combined_moderate:38782:combined_moderate:2.00:0,combined_moderate:38782:combined_moderate:2.00,38782,combined_moderate,combined_moderate,2.0,1,0,71245,103245,4.4528125,6.4528125,False,f9a3807c3514c924
combined_moderate:38782:combined_moderate:3.00:0,combined_moderate:38782:combined_moderate:3.00,38782,combined_moderate,combined_moderate,3.0,1,0,367533,415533,22.9708125,25.9708125,False,f9a3807c3514c924
combined_moderate:38783:combined_moderate:1.00:0,combined_moderate:38783:combined_moderate:1.00,38783,combined_moderate,combined_moderate,1.0,1,0,109991,125991,6.8744375,7.8744375,False,f9a3807c3514c924
combined_moderate:38783:combined_moderate:2.00:0,combined_moderate:38783:combined_moderate:2.00,38783,combined_moderate,combined_moderate,2.0,1,0,401865,433865,25.1165625,27.1165625,False,f9a3807c3514c924
combined_moderate:38783:combined_moderate:3.00:0,combined_moderate:38783:combined_moderate:3.00,38783,combined_moderate,combined_moderate,3.0,1,0,326534,374534,20.408375,23.408375,False,f9a3807c3514c924
combined_moderate:38784:combined_moderate:1.00:0,combined_moderate:38784:combined_moderate:1.00,38784,combined_moderate,combined_moderate,1.0,1,0,84239,100239,5.2649375,6.2649375,False,f9a3807c3514c924
combined_moderate:38784:combined_moderate:2.00:0,combined_moderate:38784:combined_moderate:2.00,38784,combined_moderate,combined_moderate,2.0,1,0,40138,72138,2.508625,4.508625,False,f9a3807c3514c924
combined_moderate:38784:combined_moderate:3.00:0,combined_moderate:38784:combined_moderate:3.00,38784,combined_moderate,combined_moderate,3.0,1,0,136872,184872,8.5545,11.5545,False,f9a3807c3514c924
combined_moderate:38785:combined_moderate:1.00:0,combined_moderate:38785:combined_moderate:1.00,38785,combined_moderate,combined_moderate,1.0,1,0,47096,63096,2.9435,3.9435,False,f9a3807c3514c924
combined_moderate:38785:combined_moderate:2.00:0,combined_moderate:38785:combined_moderate:2.00,38785,combined_moderate,combined_moderate,2.0,1,0,175011,207011,10.9381875,12.9381875,False,f9a3807c3514c924
combined_moderate:38785:combined_moderate:3.00:0,combined_moderate:38785:combined_moderate:3.00,38785,combined_moderate,combined_moderate,3.0,1,0,315047,363047,19.6904375,22.6904375,False,f9a3807c3514c924
combined_moderate:38817:combined_moderate:1.00:0,combined_moderate:38817:combined_moderate:1.00,38817,combined_moderate,combined_moderate,1.0,1,0,30541,46541,1.9088125,2.9088125,False,f9a3807c3514c924
combined_moderate:38817:combined_moderate:2.00:0,combined_moderate:38817:combined_moderate:2.00,38817,combined_moderate,combined_moderate,2.0,1,0,446224,478224,27.889,29.889,False,f9a3807c3514c924
combined_moderate:38817:combined_moderate:3.00:0,combined_moderate:38817:combined_moderate:3.00,38817,combined_moderate,combined_moderate,3.0,1,0,67149,115149,4.1968125,7.1968125,False,f9a3807c3514c924
combined_moderate:38818:combined_moderate:1.00:0,combined_moderate:38818:combined_moderate:1.00,38818,combined_moderate,combined_moderate,1.0,1,0,306627,322627,19.1641875,20.1641875,False,f9a3807c3514c924
combined_moderate:38818:combined_moderate:2.00:0,combined_moderate:38818:combined_moderate:2.00,38818,combined_moderate,combined_moderate,2.0,1,0,169897,201897,10.6185625,12.6185625,False,f9a3807c3514c924
combined_moderate:38818:combined_moderate:3.00:0,combined_moderate:38818:combined_moderate:3.00,38818,combined_moderate,combined_moderate,3.0,1,0,27528,75528,1.7205,4.7205,False,f9a3807c3514c924
combined_moderate:38819:combined_moderate:1.00:0,combined_moderate:38819:combined_moderate:1.00,38819,combined_moderate,combined_moderate,1.0,1,0,343310,359310,21.456875,22.456875,False,f9a3807c3514c924
combined_moderate:38819:combined_moderate:2.00:0,combined_moderate:38819:combined_moderate:2.00,38819,combined_moderate,combined_moderate,2.0,1,0,17904,49904,1.119,3.119,False,f9a3807c3514c924
combined_moderate:38819:combined_moderate:3.00:0,combined_moderate:38819:combined_moderate:3.00,38819,combined_moderate,combined_moderate,3.0,1,0,393595,441595,24.5996875,27.5996875,False,f9a3807c3514c924
combined_moderate:38820:combined_moderate:1.00:0,combined_moderate:38820:combined_moderate:1.00,38820,combined_moderate,combined_moderate,1.0,1,0,184338,200338,11.521125,12.521125,False,f9a3807c3514c924
combined_moderate:38820:combined_moderate:2.00:0,combined_moderate:38820:combined_moderate:2.00,38820,combined_moderate,combined_moderate,2.0,1,0,301120,333120,18.82,20.82,False,f9a3807c3514c924
combined_moderate:38820:combined_moderate:3.00:0,combined_moderate:38820:combined_moderate:3.00,38820,combined_moderate,combined_moderate,3.0,1,0,92437,140437,5.7773125,8.7773125,False,f9a3807c3514c924
combined_moderate:38821:combined_moderate:1.00:0,combined_moderate:38821:combined_moderate:1.00,38821,combined_moderate,combined_moderate,1.0,1,0,320159,336159,20.0099375,21.0099375,False,f9a3807c3514c924
combined_moderate:38821:combined_moderate:2.00:0,combined_moderate:38821:combined_moderate:2.00,38821,combined_moderate,combined_moderate,2.0,1,0,32563,64563,2.0351875,4.0351875,False,f9a3807c3514c924
combined_moderate:38821:combined_moderate:3.00:0,combined_moderate:38821:combined_moderate:3.00,38821,combined_moderate,combined_moderate,3.0,1,0,32213,80213,2.0133125,5.0133125,False,f9a3807c3514c924
combined_moderate:38822:combined_moderate:1.00:0,combined_moderate:38822:combined_moderate:1.00,38822,combined_moderate,combined_moderate,1.0,1,0,88330,104330,5.520625,6.520625,False,f9a3807c3514c924
combined_moderate:38822:combined_moderate:2.00:0,combined_moderate:38822:combined_moderate:2.00,38822,combined_moderate,combined_moderate,2.0,1,0,296974,328974,18.560875,20.560875,False,f9a3807c3514c924
combined_moderate:38822:combined_moderate:3.00:0,combined_moderate:38822:combined_moderate:3.00,38822,combined_moderate,combined_moderate,3.0,1,0,129601,177601,8.1000625,11.1000625,False,f9a3807c3514c924
combined_moderate:38823:combined_moderate:1.00:0,combined_moderate:38823:combined_moderate:1.00,38823,combined_moderate,combined_moderate,1.0,1,0,446641,462641,27.9150625,28.9150625,False,f9a3807c3514c924
combined_moderate:38823:combined_moderate:2.00:0,combined_moderate:38823:combined_moderate:2.00,38823,combined_moderate,combined_moderate,2.0,1,0,279165,311165,17.4478125,19.4478125,False,f9a3807c3514c924
combined_moderate:38823:combined_moderate:3.00:0,combined_moderate:38823:combined_moderate:3.00,38823,combined_moderate,combined_moderate,3.0,1,0,409883,457883,25.6176875,28.6176875,False,f9a3807c3514c924
combined_moderate:38824:combined_moderate:1.00:0,combined_moderate:38824:combined_moderate:1.00,38824,combined_moderate,combined_moderate,1.0,1,0,453162,469162,28.322625,29.322625,False,f9a3807c3514c924
combined_moderate:38824:combined_moderate:2.00:0,combined_moderate:38824:combined_moderate:2.00,38824,combined_moderate,combined_moderate,2.0,1,0,393486,425486,24.592875,26.592875,False,f9a3807c3514c924
combined_moderate:38824:combined_moderate:3.00:0,combined_moderate:38824:combined_moderate:3.00,38824,combined_moderate,combined_moderate,3.0,1,0,76029,124029,4.7518125,7.7518125,False,f9a3807c3514c924
combined_moderate:38825:combined_moderate:1.00:0,combined_moderate:38825:combined_moderate:1.00,38825,combined_moderate,combined_moderate,1.0,1,0,169194,185194,10.574625,11.574625,False,f9a3807c3514c924
combined_moderate:38825:combined_moderate:2.00:0,combined_moderate:38825:combined_moderate:2.00,38825,combined_moderate,combined_moderate,2.0,1,0,122144,154144,7.634,9.634,False,f9a3807c3514c924
combined_moderate:38825:combined_moderate:3.00:0,combined_moderate:38825:combined_moderate:3.00,38825,combined_moderate,combined_moderate,3.0,1,0,13936,61936,0.871,3.871,False,f9a3807c3514c924
combined_moderate:38826:combined_moderate:1.00:0,combined_moderate:38826:combined_moderate:1.00,38826,combined_moderate,combined_moderate,1.0,1,0,421226,437226,26.326625,27.326625,False,f9a3807c3514c924
combined_moderate:38826:combined_moderate:2.00:0,combined_moderate:38826:combined_moderate:2.00,38826,combined_moderate,combined_moderate,2.0,1,0,156709,188709,9.7943125,11.7943125,False,f9a3807c3514c924
combined_moderate:38826:combined_moderate:3.00:0,combined_moderate:38826:combined_moderate:3.00,38826,combined_moderate,combined_moderate,3.0,1,0,22507,70507,1.4066875,4.4066875,False,f9a3807c3514c924
combined_moderate:38827:combined_moderate:1.00:0,combined_moderate:38827:combined_moderate:1.00,38827,combined_moderate,combined_moderate,1.0,1,0,59129,75129,3.6955625,4.6955625,False,f9a3807c3514c924
combined_moderate:38827:combined_moderate:2.00:0,combined_moderate:38827:combined_moderate:2.00,38827,combined_moderate,combined_moderate,2.0,1,0,310582,342582,19.411375,21.411375,False,f9a3807c3514c924
combined_moderate:38827:combined_moderate:3.00:0,combined_moderate:38827:combined_moderate:3.00,38827,combined_moderate,combined_moderate,3.0,1,0,113837,161837,7.1148125,10.1148125,False,f9a3807c3514c924
combined_moderate:38828:combined_moderate:1.00:0,combined_moderate:38828:combined_moderate:1.00,38828,combined_moderate,combined_moderate,1.0,1,0,426122,442122,26.632625,27.632625,False,f9a3807c3514c924
combined_moderate:38828:combined_moderate:2.00:0,combined_moderate:38828:combined_moderate:2.00,38828,combined_moderate,combined_moderate,2.0,1,0,336700,368700,21.04375,23.04375,False,f9a3807c3514c924
combined_moderate:38828:combined_moderate:3.00:0,combined_moderate:38828:combined_moderate:3.00,38828,combined_moderate,combined_moderate,3.0,1,0,331463,379463,20.7164375,23.7164375,False,f9a3807c3514c924
combined_moderate:38829:combined_moderate:1.00:0,combined_moderate:38829:combined_moderate:1.00,38829,combined_moderate,combined_moderate,1.0,1,0,326474,342474,20.404625,21.404625,False,f9a3807c3514c924
combined_moderate:38829:combined_moderate:2.00:0,combined_moderate:38829:combined_moderate:2.00,38829,combined_moderate,combined_moderate,2.0,1,0,366540,398540,22.90875,24.90875,False,f9a3807c3514c924
combined_moderate:38829:combined_moderate:3.00:0,combined_moderate:38829:combined_moderate:3.00,38829,combined_moderate,combined_moderate,3.0,1,0,375183,423183,23.4489375,26.4489375,False,f9a3807c3514c924
combined_moderate:38830:combined_moderate:1.00:0,combined_moderate:38830:combined_moderate:1.00,38830,combined_moderate,combined_moderate,1.0,1,0,172475,188475,10.7796875,11.7796875,False,f9a3807c3514c924
combined_moderate:38830:combined_moderate:2.00:0,combined_moderate:38830:combined_moderate:2.00,38830,combined_moderate,combined_moderate,2.0,1,0,69257,101257,4.3285625,6.3285625,False,f9a3807c3514c924
combined_moderate:38830:combined_moderate:3.00:0,combined_moderate:38830:combined_moderate:3.00,38830,combined_moderate,combined_moderate,3.0,1,0,368824,416824,23.0515,26.0515,False,f9a3807c3514c924
combined_moderate:38833:combined_moderate:1.00:0,combined_moderate:38833:combined_moderate:1.00,38833,combined_moderate,combined_moderate,1.0,1,0,122507,138507,7.6566875,8.6566875,False,f9a3807c3514c924
combined_moderate:38833:combined_moderate:2.00:0,combined_moderate:38833:combined_moderate:2.00,38833,combined_moderate,combined_moderate,2.0,1,0,397601,429601,24.8500625,26.8500625,False,f9a3807c3514c924
combined_moderate:38833:combined_moderate:3.00:0,combined_moderate:38833:combined_moderate:3.00,38833,combined_moderate,combined_moderate,3.0,1,0,413051,461051,25.8156875,28.8156875,False,f9a3807c3514c924
combined_moderate:38834:combined_moderate:1.00:0,combined_moderate:38834:combined_moderate:1.00,38834,combined_moderate,combined_moderate,1.0,1,0,138267,154267,8.6416875,9.6416875,False,f9a3807c3514c924
combined_moderate:38834:combined_moderate:2.00:0,combined_moderate:38834:combined_moderate:2.00,38834,combined_moderate,combined_moderate,2.0,1,0,370366,402366,23.147875,25.147875,False,f9a3807c3514c924
combined_moderate:38834:combined_moderate:3.00:0,combined_moderate:38834:combined_moderate:3.00,38834,combined_moderate,combined_moderate,3.0,1,0,81124,129124,5.07025,8.07025,False,f9a3807c3514c924
combined_moderate:39316:combined_moderate:1.00:0,combined_moderate:39316:combined_moderate:1.00,39316,combined_moderate,combined_moderate,1.0,1,0,430761,446761,26.9225625,27.9225625,False,f9a3807c3514c924
combined_moderate:39316:combined_moderate:2.00:0,combined_moderate:39316:combined_moderate:2.00,39316,combined_moderate,combined_moderate,2.0,1,0,422963,454963,26.4351875,28.4351875,False,f9a3807c3514c924
combined_moderate:39316:combined_moderate:3.00:0,combined_moderate:39316:combined_moderate:3.00,39316,combined_moderate,combined_moderate,3.0,1,0,52374,100374,3.273375,6.273375,False,f9a3807c3514c924
combined_moderate:39317:combined_moderate:1.00:0,combined_moderate:39317:combined_moderate:1.00,39317,combined_moderate,combined_moderate,1.0,1,0,407364,423364,25.46025,26.46025,False,f9a3807c3514c924
combined_moderate:39317:combined_moderate:2.00:0,combined_moderate:39317:combined_moderate:2.00,39317,combined_moderate,combined_moderate,2.0,1,0,122988,154988,7.68675,9.68675,False,f9a3807c3514c924
combined_moderate:39317:combined_moderate:3.00:0,combined_moderate:39317:combined_moderate:3.00,39317,combined_moderate,combined_moderate,3.0,1,0,361985,409985,22.6240625,25.6240625,False,f9a3807c3514c924
combined_moderate:39318:combined_moderate:1.00:0,combined_moderate:39318:combined_moderate:1.00,39318,combined_moderate,combined_moderate,1.0,1,0,20099,36099,1.2561875,2.2561875,False,f9a3807c3514c924
combined_moderate:39318:combined_moderate:2.00:0,combined_moderate:39318:combined_moderate:2.00,39318,combined_moderate,combined_moderate,2.0,1,0,284833,316833,17.8020625,19.8020625,False,f9a3807c3514c924
combined_moderate:39318:combined_moderate:3.00:0,combined_moderate:39318:combined_moderate:3.00,39318,combined_moderate,combined_moderate,3.0,1,0,116227,164227,7.2641875,10.2641875,False,f9a3807c3514c924
combined_moderate:39605:combined_moderate:1.00:0,combined_moderate:39605:combined_moderate:1.00,39605,combined_moderate,combined_moderate,1.0,1,0,362101,378101,22.6313125,23.6313125,False,f9a3807c3514c924
combined_moderate:39605:combined_moderate:2.00:0,combined_moderate:39605:combined_moderate:2.00,39605,combined_moderate,combined_moderate,2.0,1,0,408070,440070,25.504375,27.504375,False,f9a3807c3514c924
combined_moderate:39605:combined_moderate:3.00:0,combined_moderate:39605:combined_moderate:3.00,39605,combined_moderate,combined_moderate,3.0,1,0,95941,143941,5.9963125,8.9963125,False,f9a3807c3514c924
combined_moderate:39607:combined_moderate:1.00:0,combined_moderate:39607:combined_moderate:1.00,39607,combined_moderate,combined_moderate,1.0,1,0,390750,406750,24.421875,25.421875,False,f9a3807c3514c924
combined_moderate:39607:combined_moderate:2.00:0,combined_moderate:39607:combined_moderate:2.00,39607,combined_moderate,combined_moderate,2.0,1,0,32171,64171,2.0106875,4.0106875,False,f9a3807c3514c924
combined_moderate:39607:combined_moderate:3.00:0,combined_moderate:39607:combined_moderate:3.00,39607,combined_moderate,combined_moderate,3.0,1,0,374154,422154,23.384625,26.384625,False,f9a3807c3514c924
combined_moderate:40229:combined_moderate:1.00:0,combined_moderate:40229:combined_moderate:1.00,40229,combined_moderate,combined_moderate,1.0,1,0,27344,43344,1.709,2.709,False,f9a3807c3514c924
combined_moderate:40229:combined_moderate:2.00:0,combined_moderate:40229:combined_moderate:2.00,40229,combined_moderate,combined_moderate,2.0,1,0,59393,91393,3.7120625,5.7120625,False,f9a3807c3514c924
combined_moderate:40229:combined_moderate:3.00:0,combined_moderate:40229:combined_moderate:3.00,40229,combined_moderate,combined_moderate,3.0,1,0,289584,337584,18.099,21.099,False,f9a3807c3514c924
combined_moderate:40230:combined_moderate:1.00:0,combined_moderate:40230:combined_moderate:1.00,40230,combined_moderate,combined_moderate,1.0,1,0,31461,47461,1.9663125,2.9663125,False,f9a3807c3514c924
combined_moderate:40230:combined_moderate:2.00:0,combined_moderate:40230:combined_moderate:2.00,40230,combined_moderate,combined_moderate,2.0,1,0,107851,139851,6.7406875,8.7406875,False,f9a3807c3514c924
combined_moderate:40230:combined_moderate:3.00:0,combined_moderate:40230:combined_moderate:3.00,40230,combined_moderate,combined_moderate,3.0,1,0,108787,156787,6.7991875,9.7991875,False,f9a3807c3514c924
combined_moderate:40231:combined_moderate:1.00:0,combined_moderate:40231:combined_moderate:1.00,40231,combined_moderate,combined_moderate,1.0,1,0,124866,140866,7.804125,8.804125,False,f9a3807c3514c924
combined_moderate:40231:combined_moderate:2.00:0,combined_moderate:40231:combined_moderate:2.00,40231,combined_moderate,combined_moderate,2.0,1,0,287688,319688,17.9805,19.9805,False,f9a3807c3514c924
combined_moderate:40231:combined_moderate:3.00:0,combined_moderate:40231:combined_moderate:3.00,40231,combined_moderate,combined_moderate,3.0,1,0,82288,130288,5.143,8.143,False,f9a3807c3514c924
combined_moderate:40232:combined_moderate:1.00:0,combined_moderate:40232:combined_moderate:1.00,40232,combined_moderate,combined_moderate,1.0,1,0,98717,114717,6.1698125,7.1698125,False,f9a3807c3514c924
combined_moderate:40232:combined_moderate:2.00:0,combined_moderate:40232:combined_moderate:2.00,40232,combined_moderate,combined_moderate,2.0,1,0,66066,98066,4.129125,6.129125,False,f9a3807c3514c924
combined_moderate:40232:combined_moderate:3.00:0,combined_moderate:40232:combined_moderate:3.00,40232,combined_moderate,combined_moderate,3.0,1,0,401015,449015,25.0634375,28.0634375,False,f9a3807c3514c924
combined_moderate:40233:combined_moderate:1.00:0,combined_moderate:40233:combined_moderate:1.00,40233,combined_moderate,combined_moderate,1.0,1,0,160537,176537,10.0335625,11.0335625,False,f9a3807c3514c924
combined_moderate:40233:combined_moderate:2.00:0,combined_moderate:40233:combined_moderate:2.00,40233,combined_moderate,combined_moderate,2.0,1,0,57798,89798,3.612375,5.612375,False,f9a3807c3514c924
combined_moderate:40233:combined_moderate:3.00:0,combined_moderate:40233:combined_moderate:3.00,40233,combined_moderate,combined_moderate,3.0,1,0,121696,169696,7.606,10.606,False,f9a3807c3514c924
combined_moderate:40234:combined_moderate:1.00:0,combined_moderate:40234:combined_moderate:1.00,40234,combined_moderate,combined_moderate,1.0,1,0,183416,199416,11.4635,12.4635,False,f9a3807c3514c924
combined_moderate:40234:combined_moderate:2.00:0,combined_moderate:40234:combined_moderate:2.00,40234,combined_moderate,combined_moderate,2.0,1,0,367736,399736,22.9835,24.9835,False,f9a3807c3514c924
combined_moderate:40234:combined_moderate:3.00:0,combined_moderate:40234:combined_moderate:3.00,40234,combined_moderate,combined_moderate,3.0,1,0,379516,427516,23.71975,26.71975,False,f9a3807c3514c924
combined_moderate:40235:combined_moderate:1.00:0,combined_moderate:40235:combined_moderate:1.00,40235,combined_moderate,combined_moderate,1.0,1,0,364298,380298,22.768625,23.768625,False,f9a3807c3514c924
combined_moderate:40235:combined_moderate:2.00:0,combined_moderate:40235:combined_moderate:2.00,40235,combined_moderate,combined_moderate,2.0,1,0,66989,98989,4.1868125,6.1868125,False,f9a3807c3514c924
combined_moderate:40235:combined_moderate:3.00:0,combined_moderate:40235:combined_moderate:3.00,40235,combined_moderate,combined_moderate,3.0,1,0,343175,391175,21.4484375,24.4484375,False,f9a3807c3514c924
combined_moderate:40236:combined_moderate:1.00:0,combined_moderate:40236:combined_moderate:1.00,40236,combined_moderate,combined_moderate,1.0,1,0,151958,167958,9.497375,10.497375,False,f9a3807c3514c924
combined_moderate:40236:combined_moderate:2.00:0,combined_moderate:40236:combined_moderate:2.00,40236,combined_moderate,combined_moderate,2.0,1,0,90096,122096,5.631,7.631,False,f9a3807c3514c924
combined_moderate:40236:combined_moderate:3.00:0,combined_moderate:40236:combined_moderate:3.00,40236,combined_moderate,combined_moderate,3.0,1,0,336047,384047,21.0029375,24.0029375,False,f9a3807c3514c924
combined_moderate:40237:combined_moderate:1.00:0,combined_moderate:40237:combined_moderate:1.00,40237,combined_moderate,combined_moderate,1.0,1,0,15918,31918,0.994875,1.994875,False,f9a3807c3514c924
combined_moderate:40237:combined_moderate:2.00:0,combined_moderate:40237:combined_moderate:2.00,40237,combined_moderate,combined_moderate,2.0,1,0,45806,77806,2.862875,4.862875,False,f9a3807c3514c924
combined_moderate:40237:combined_moderate:3.00:0,combined_moderate:40237:combined_moderate:3.00,40237,combined_moderate,combined_moderate,3.0,1,0,356608,404608,22.288,25.288,False,f9a3807c3514c924
combined_moderate:40238:combined_moderate:1.00:0,combined_moderate:40238:combined_moderate:1.00,40238,combined_moderate,combined_moderate,1.0,1,0,362349,378349,22.6468125,23.6468125,False,f9a3807c3514c924
combined_moderate:40238:combined_moderate:2.00:0,combined_moderate:40238:combined_moderate:2.00,40238,combined_moderate,combined_moderate,2.0,1,0,432857,464857,27.0535625,29.0535625,False,f9a3807c3514c924
combined_moderate:40238:combined_moderate:3.00:0,combined_moderate:40238:combined_moderate:3.00,40238,combined_moderate,combined_moderate,3.0,1,0,287223,335223,17.9514375,20.9514375,False,f9a3807c3514c924
combined_moderate:40239:combined_moderate:1.00:0,combined_moderate:40239:combined_moderate:1.00,40239,combined_moderate,combined_moderate,1.0,1,0,178482,194482,11.155125,12.155125,False,f9a3807c3514c924
combined_moderate:40239:combined_moderate:2.00:0,combined_moderate:40239:combined_moderate:2.00,40239,combined_moderate,combined_moderate,2.0,1,0,176377,208377,11.0235625,13.0235625,False,f9a3807c3514c924
combined_moderate:40239:combined_moderate:3.00:0,combined_moderate:40239:combined_moderate:3.00,40239,combined_moderate,combined_moderate,3.0,1,0,144135,192135,9.0084375,12.0084375,False,f9a3807c3514c924
combined_moderate:40240:combined_moderate:1.00:0,combined_moderate:40240:combined_moderate:1.00,40240,combined_moderate,combined_moderate,1.0,1,0,154767,170767,9.6729375,10.6729375,False,f9a3807c3514c924
combined_moderate:40240:combined_moderate:2.00:0,combined_moderate:40240:combined_moderate:2.00,40240,combined_moderate,combined_moderate,2.0,1,0,1198,33198,0.074875,2.074875,False,f9a3807c3514c924
combined_moderate:40240:combined_moderate:3.00:0,combined_moderate:40240:combined_moderate:3.00,40240,combined_moderate,combined_moderate,3.0,1,0,351667,399667,21.9791875,24.9791875,False,f9a3807c3514c924
combined_moderate:40241:combined_moderate:1.00:0,combined_moderate:40241:combined_moderate:1.00,40241,combined_moderate,combined_moderate,1.0,1,0,44629,60629,2.7893125,3.7893125,False,f9a3807c3514c924
combined_moderate:40241:combined_moderate:2.00:0,combined_moderate:40241:combined_moderate:2.00,40241,combined_moderate,combined_moderate,2.0,1,0,387584,419584,24.224,26.224,False,f9a3807c3514c924
combined_moderate:40241:combined_moderate:3.00:0,combined_moderate:40241:combined_moderate:3.00,40241,combined_moderate,combined_moderate,3.0,1,0,9717,57717,0.6073125,3.6073125,False,f9a3807c3514c924
combined_moderate:40242:combined_moderate:1.00:0,combined_moderate:40242:combined_moderate:1.00,40242,combined_moderate,combined_moderate,1.0,1,0,122581,138581,7.6613125,8.6613125,False,f9a3807c3514c924
combined_moderate:40242:combined_moderate:2.00:0,combined_moderate:40242:combined_moderate:2.00,40242,combined_moderate,combined_moderate,2.0,1,0,395495,427495,24.7184375,26.7184375,False,f9a3807c3514c924
combined_moderate:40242:combined_moderate:3.00:0,combined_moderate:40242:combined_moderate:3.00,40242,combined_moderate,combined_moderate,3.0,1,0,269812,317812,16.86325,19.86325,False,f9a3807c3514c924
combined_moderate:40243:combined_moderate:1.00:0,combined_moderate:40243:combined_moderate:1.00,40243,combined_moderate,combined_moderate,1.0,1,0,143913,159913,8.9945625,9.9945625,False,f9a3807c3514c924
combined_moderate:40243:combined_moderate:2.00:0,combined_moderate:40243:combined_moderate:2.00,40243,combined_moderate,combined_moderate,2.0,1,0,118567,150567,7.4104375,9.4104375,False,f9a3807c3514c924
combined_moderate:40243:combined_moderate:3.00:0,combined_moderate:40243:combined_moderate:3.00,40243,combined_moderate,combined_moderate,3.0,1,0,33274,81274,2.079625,5.079625,False,f9a3807c3514c924
combined_moderate:40244:combined_moderate:1.00:0,combined_moderate:40244:combined_moderate:1.00,40244,combined_moderate,combined_moderate,1.0,1,0,416545,432545,26.0340625,27.0340625,False,f9a3807c3514c924
combined_moderate:40244:combined_moderate:2.00:0,combined_moderate:40244:combined_moderate:2.00,40244,combined_moderate,combined_moderate,2.0,1,0,346206,378206,21.637875,23.637875,False,f9a3807c3514c924
combined_moderate:40244:combined_moderate:3.00:0,combined_moderate:40244:combined_moderate:3.00,40244,combined_moderate,combined_moderate,3.0,1,0,377540,425540,23.59625,26.59625,False,f9a3807c3514c924
combined_moderate:40245:combined_moderate:1.00:0,combined_moderate:40245:combined_moderate:1.00,40245,combined_moderate,combined_moderate,1.0,1,0,383988,399988,23.99925,24.99925,False,f9a3807c3514c924
combined_moderate:40245:combined_moderate:2.00:0,combined_moderate:40245:combined_moderate:2.00,40245,combined_moderate,combined_moderate,2.0,1,0,73147,105147,4.5716875,6.5716875,False,f9a3807c3514c924
combined_moderate:40245:combined_moderate:3.00:0,combined_moderate:40245:combined_moderate:3.00,40245,combined_moderate,combined_moderate,3.0,1,0,260515,308515,16.2821875,19.2821875,False,f9a3807c3514c924
combined_moderate:40844:combined_moderate:1.00:0,combined_moderate:40844:combined_moderate:1.00,40844,combined_moderate,combined_moderate,1.0,1,0,378056,394056,23.6285,24.6285,False,f9a3807c3514c924
combined_moderate:40844:combined_moderate:2.00:0,combined_moderate:40844:combined_moderate:2.00,40844,combined_moderate,combined_moderate,2.0,1,0,372512,404512,23.282,25.282,False,f9a3807c3514c924
combined_moderate:40844:combined_moderate:3.00:0,combined_moderate:40844:combined_moderate:3.00,40844,combined_moderate,combined_moderate,3.0,1,0,270009,318009,16.8755625,19.8755625,False,f9a3807c3514c924
combined_moderate:40845:combined_moderate:1.00:0,combined_moderate:40845:combined_moderate:1.00,40845,combined_moderate,combined_moderate,1.0,1,0,144780,160780,9.04875,10.04875,False,f9a3807c3514c924
combined_moderate:40845:combined_moderate:2.00:0,combined_moderate:40845:combined_moderate:2.00,40845,combined_moderate,combined_moderate,2.0,1,0,59085,91085,3.6928125,5.6928125,False,f9a3807c3514c924
combined_moderate:40845:combined_moderate:3.00:0,combined_moderate:40845:combined_moderate:3.00,40845,combined_moderate,combined_moderate,3.0,1,0,327972,375972,20.49825,23.49825,False,f9a3807c3514c924
combined_moderate:41019:combined_moderate:1.00:0,combined_moderate:41019:combined_moderate:1.00,41019,combined_moderate,combined_moderate,1.0,1,0,411954,427954,25.747125,26.747125,False,f9a3807c3514c924
combined_moderate:41019:combined_moderate:2.00:0,combined_moderate:41019:combined_moderate:2.00,41019,combined_moderate,combined_moderate,2.0,1,0,51767,83767,3.2354375,5.2354375,False,f9a3807c3514c924
combined_moderate:41019:combined_moderate:3.00:0,combined_moderate:41019:combined_moderate:3.00,41019,combined_moderate,combined_moderate,3.0,1,0,18273,66273,1.1420625,4.1420625,False,f9a3807c3514c924
combined_moderate:41310:combined_moderate:1.00:0,combined_moderate:41310:combined_moderate:1.00,41310,combined_moderate,combined_moderate,1.0,1,0,25260,41260,1.57875,2.57875,False,f9a3807c3514c924
combined_moderate:41310:combined_moderate:2.00:0,combined_moderate:41310:combined_moderate:2.00,41310,combined_moderate,combined_moderate,2.0,1,0,100193,132193,6.2620625,8.2620625,False,f9a3807c3514c924
combined_moderate:41310:combined_moderate:3.00:0,combined_moderate:41310:combined_moderate:3.00,41310,combined_moderate,combined_moderate,3.0,1,0,295120,343120,18.445,21.445,False,f9a3807c3514c924
combined_moderate:42018:combined_moderate:1.00:0,combined_moderate:42018:combined_moderate:1.00,42018,combined_moderate,combined_moderate,1.0,1,0,463592,479592,28.9745,29.9745,False,f9a3807c3514c924
combined_moderate:42018:combined_moderate:2.00:0,combined_moderate:42018:combined_moderate:2.00,42018,combined_moderate,combined_moderate,2.0,1,0,116617,148617,7.2885625,9.2885625,False,f9a3807c3514c924
combined_moderate:42018:combined_moderate:3.00:0,combined_moderate:42018:combined_moderate:3.00,42018,combined_moderate,combined_moderate,3.0,1,0,3623,51623,0.2264375,3.2264375,False,f9a3807c3514c924
combined_moderate:42040:combined_moderate:1.00:0,combined_moderate:42040:combined_moderate:1.00,42040,combined_moderate,combined_moderate,1.0,1,0,168100,184100,10.50625,11.50625,False,f9a3807c3514c924
combined_moderate:42040:combined_moderate:2.00:0,combined_moderate:42040:combined_moderate:2.00,42040,combined_moderate,combined_moderate,2.0,1,0,368008,400008,23.0005,25.0005,False,f9a3807c3514c924
combined_moderate:42040:combined_moderate:3.00:0,combined_moderate:42040:combined_moderate:3.00,42040,combined_moderate,combined_moderate,3.0,1,0,340432,388432,21.277,24.277,False,f9a3807c3514c924
combined_moderate:42129:combined_moderate:1.00:0,combined_moderate:42129:combined_moderate:1.00,42129,combined_moderate,combined_moderate,1.0,1,0,70549,86549,4.4093125,5.4093125,False,f9a3807c3514c924
combined_moderate:42129:combined_moderate:2.00:0,combined_moderate:42129:combined_moderate:2.00,42129,combined_moderate,combined_moderate,2.0,1,0,294817,326817,18.4260625,20.4260625,False,f9a3807c3514c924
combined_moderate:42129:combined_moderate:3.00:0,combined_moderate:42129:combined_moderate:3.00,42129,combined_moderate,combined_moderate,3.0,1,0,6073,54073,0.3795625,3.3795625,False,f9a3807c3514c924
combined_moderate:42135:combined_moderate:1.00:0,combined_moderate:42135:combined_moderate:1.00,42135,combined_moderate,combined_moderate,1.0,1,0,125193,141193,7.8245625,8.8245625,False,f9a3807c3514c924
combined_moderate:42135:combined_moderate:2.00:0,combined_moderate:42135:combined_moderate:2.00,42135,combined_moderate,combined_moderate,2.0,1,0,399829,431829,24.9893125,26.9893125,False,f9a3807c3514c924
combined_moderate:42135:combined_moderate:3.00:0,combined_moderate:42135:combined_moderate:3.00,42135,combined_moderate,combined_moderate,3.0,1,0,134705,182705,8.4190625,11.4190625,False,f9a3807c3514c924
combined_moderate:42138:combined_moderate:1.00:0,combined_moderate:42138:combined_moderate:1.00,42138,combined_moderate,combined_moderate,1.0,1,0,320514,336514,20.032125,21.032125,False,f9a3807c3514c924
combined_moderate:42138:combined_moderate:2.00:0,combined_moderate:42138:combined_moderate:2.00,42138,combined_moderate,combined_moderate,2.0,1,0,407534,439534,25.470875,27.470875,False,f9a3807c3514c924
combined_moderate:42138:combined_moderate:3.00:0,combined_moderate:42138:combined_moderate:3.00,42138,combined_moderate,combined_moderate,3.0,1,0,51381,99381,3.2113125,6.2113125,False,f9a3807c3514c924
combined_moderate:42139:combined_moderate:1.00:0,combined_moderate:42139:combined_moderate:1.00,42139,combined_moderate,combined_moderate,1.0,1,0,440297,456297,27.5185625,28.5185625,False,f9a3807c3514c924
combined_moderate:42139:combined_moderate:2.00:0,combined_moderate:42139:combined_moderate:2.00,42139,combined_moderate,combined_moderate,2.0,1,0,90476,122476,5.65475,7.65475,False,f9a3807c3514c924
combined_moderate:42139:combined_moderate:3.00:0,combined_moderate:42139:combined_moderate:3.00,42139,combined_moderate,combined_moderate,3.0,1,0,116125,164125,7.2578125,10.2578125,False,f9a3807c3514c924
combined_moderate:42141:combined_moderate:1.00:0,combined_moderate:42141:combined_moderate:1.00,42141,combined_moderate,combined_moderate,1.0,1,0,110647,126647,6.9154375,7.9154375,False,f9a3807c3514c924
combined_moderate:42141:combined_moderate:2.00:0,combined_moderate:42141:combined_moderate:2.00,42141,combined_moderate,combined_moderate,2.0,1,0,170770,202770,10.673125,12.673125,False,f9a3807c3514c924
combined_moderate:42141:combined_moderate:3.00:0,combined_moderate:42141:combined_moderate:3.00,42141,combined_moderate,combined_moderate,3.0,1,0,343553,391553,21.4720625,24.4720625,False,f9a3807c3514c924
combined_moderate:42146:combined_moderate:1.00:0,combined_moderate:42146:combined_moderate:1.00,42146,combined_moderate,combined_moderate,1.0,1,0,406455,422455,25.4034375,26.4034375,False,f9a3807c3514c924
combined_moderate:42146:combined_moderate:2.00:0,combined_moderate:42146:combined_moderate:2.00,42146,combined_moderate,combined_moderate,2.0,1,0,135294,167294,8.455875,10.455875,False,f9a3807c3514c924
combined_moderate:42146:combined_moderate:3.00:0,combined_moderate:42146:combined_moderate:3.00,42146,combined_moderate,combined_moderate,3.0,1,0,159520,207520,9.97,12.97,False,f9a3807c3514c924
combined_moderate:42372:combined_moderate:1.00:0,combined_moderate:42372:combined_moderate:1.00,42372,combined_moderate,combined_moderate,1.0,1,0,300796,316796,18.79975,19.79975,False,f9a3807c3514c924
combined_moderate:42372:combined_moderate:2.00:0,combined_moderate:42372:combined_moderate:2.00,42372,combined_moderate,combined_moderate,2.0,1,0,400300,432300,25.01875,27.01875,False,f9a3807c3514c924
combined_moderate:42372:combined_moderate:3.00:0,combined_moderate:42372:combined_moderate:3.00,42372,combined_moderate,combined_moderate,3.0,1,0,320881,368881,20.0550625,23.0550625,False,f9a3807c3514c924
combined_moderate:42373:combined_moderate:1.00:0,combined_moderate:42373:combined_moderate:1.00,42373,combined_moderate,combined_moderate,1.0,1,0,389792,405792,24.362,25.362,False,f9a3807c3514c924
combined_moderate:42373:combined_moderate:2.00:0,combined_moderate:42373:combined_moderate:2.00,42373,combined_moderate,combined_moderate,2.0,1,0,160601,192601,10.0375625,12.0375625,False,f9a3807c3514c924
combined_moderate:42373:combined_moderate:3.00:0,combined_moderate:42373:combined_moderate:3.00,42373,combined_moderate,combined_moderate,3.0,1,0,393920,441920,24.62,27.62,False,f9a3807c3514c924
combined_moderate:42374:combined_moderate:1.00:0,combined_moderate:42374:combined_moderate:1.00,42374,combined_moderate,combined_moderate,1.0,1,0,91655,107655,5.7284375,6.7284375,False,f9a3807c3514c924
combined_moderate:42374:combined_moderate:2.00:0,combined_moderate:42374:combined_moderate:2.00,42374,combined_moderate,combined_moderate,2.0,1,0,53194,85194,3.324625,5.324625,False,f9a3807c3514c924
combined_moderate:42374:combined_moderate:3.00:0,combined_moderate:42374:combined_moderate:3.00,42374,combined_moderate,combined_moderate,3.0,1,0,57088,105088,3.568,6.568,False,f9a3807c3514c924
combined_moderate:42375:combined_moderate:1.00:0,combined_moderate:42375:combined_moderate:1.00,42375,combined_moderate,combined_moderate,1.0,1,0,302718,318718,18.919875,19.919875,False,f9a3807c3514c924
combined_moderate:42375:combined_moderate:2.00:0,combined_moderate:42375:combined_moderate:2.00,42375,combined_moderate,combined_moderate,2.0,1,0,75726,107726,4.732875,6.732875,False,f9a3807c3514c924
combined_moderate:42375:combined_moderate:3.00:0,combined_moderate:42375:combined_moderate:3.00,42375,combined_moderate,combined_moderate,3.0,1,0,117381,165381,7.3363125,10.3363125,False,f9a3807c3514c924
combined_moderate:42376:combined_moderate:1.00:0,combined_moderate:42376:combined_moderate:1.00,42376,combined_moderate,combined_moderate,1.0,1,0,91784,107784,5.7365,6.7365,False,f9a3807c3514c924
combined_moderate:42376:combined_moderate:2.00:0,combined_moderate:42376:combined_moderate:2.00,42376,combined_moderate,combined_moderate,2.0,1,0,97845,129845,6.1153125,8.1153125,False,f9a3807c3514c924
combined_moderate:42376:combined_moderate:3.00:0,combined_moderate:42376:combined_moderate:3.00,42376,combined_moderate,combined_moderate,3.0,1,0,418726,466726,26.170375,29.170375,False,f9a3807c3514c924
combined_moderate:42377:combined_moderate:1.00:0,combined_moderate:42377:combined_moderate:1.00,42377,combined_moderate,combined_moderate,1.0,1,0,456562,472562,28.535125,29.535125,False,f9a3807c3514c924
combined_moderate:42377:combined_moderate:2.00:0,combined_moderate:42377:combined_moderate:2.00,42377,combined_moderate,combined_moderate,2.0,1,0,398854,430854,24.928375,26.928375,False,f9a3807c3514c924
combined_moderate:42377:combined_moderate:3.00:0,combined_moderate:42377:combined_moderate:3.00,42377,combined_moderate,combined_moderate,3.0,1,0,414976,462976,25.936,28.936,False,f9a3807c3514c924
combined_moderate:42463:combined_moderate:1.00:0,combined_moderate:42463:combined_moderate:1.00,42463,combined_moderate,combined_moderate,1.0,1,0,64458,80458,4.028625,5.028625,False,f9a3807c3514c924
combined_moderate:42463:combined_moderate:2.00:0,combined_moderate:42463:combined_moderate:2.00,42463,combined_moderate,combined_moderate,2.0,1,0,95602,127602,5.975125,7.975125,False,f9a3807c3514c924
combined_moderate:42463:combined_moderate:3.00:0,combined_moderate:42463:combined_moderate:3.00,42463,combined_moderate,combined_moderate,3.0,1,0,161301,209301,10.0813125,13.0813125,False,f9a3807c3514c924
combined_moderate:43516:combined_moderate:1.00:0,combined_moderate:43516:combined_moderate:1.00,43516,combined_moderate,combined_moderate,1.0,1,0,463365,479365,28.9603125,29.9603125,False,f9a3807c3514c924
combined_moderate:43516:combined_moderate:2.00:0,combined_moderate:43516:combined_moderate:2.00,43516,combined_moderate,combined_moderate,2.0,1,0,338054,370054,21.128375,23.128375,False,f9a3807c3514c924
combined_moderate:43516:combined_moderate:3.00:0,combined_moderate:43516:combined_moderate:3.00,43516,combined_moderate,combined_moderate,3.0,1,0,284074,332074,17.754625,20.754625,False,f9a3807c3514c924
combined_moderate:43517:combined_moderate:1.00:0,combined_moderate:43517:combined_moderate:1.00,43517,combined_moderate,combined_moderate,1.0,1,0,159613,175613,9.9758125,10.9758125,False,f9a3807c3514c924
combined_moderate:43517:combined_moderate:2.00:0,combined_moderate:43517:combined_moderate:2.00,43517,combined_moderate,combined_moderate,2.0,1,0,50454,82454,3.153375,5.153375,False,f9a3807c3514c924
combined_moderate:43517:combined_moderate:3.00:0,combined_moderate:43517:combined_moderate:3.00,43517,combined_moderate,combined_moderate,3.0,1,0,63100,111100,3.94375,6.94375,False,f9a3807c3514c924
combined_moderate:43518:combined_moderate:1.00:0,combined_moderate:43518:combined_moderate:1.00,43518,combined_moderate,combined_moderate,1.0,1,0,9340,25340,0.58375,1.58375,False,f9a3807c3514c924
combined_moderate:43518:combined_moderate:2.00:0,combined_moderate:43518:combined_moderate:2.00,43518,combined_moderate,combined_moderate,2.0,1,0,605,32605,0.0378125,2.0378125,False,f9a3807c3514c924
combined_moderate:43518:combined_moderate:3.00:0,combined_moderate:43518:combined_moderate:3.00,43518,combined_moderate,combined_moderate,3.0,1,0,323416,371416,20.2135,23.2135,False,f9a3807c3514c924
combined_moderate:43519:combined_moderate:1.00:0,combined_moderate:43519:combined_moderate:1.00,43519,combined_moderate,combined_moderate,1.0,1,0,412174,428174,25.760875,26.760875,False,f9a3807c3514c924
combined_moderate:43519:combined_moderate:2.00:0,combined_moderate:43519:combined_moderate:2.00,43519,combined_moderate,combined_moderate,2.0,1,0,300033,332033,18.7520625,20.7520625,False,f9a3807c3514c924
combined_moderate:43519:combined_moderate:3.00:0,combined_moderate:43519:combined_moderate:3.00,43519,combined_moderate,combined_moderate,3.0,1,0,369914,417914,23.119625,26.119625,False,f9a3807c3514c924
combined_moderate:43520:combined_moderate:1.00:0,combined_moderate:43520:combined_moderate:1.00,43520,combined_moderate,combined_moderate,1.0,1,0,70729,86729,4.4205625,5.4205625,False,f9a3807c3514c924
combined_moderate:43520:combined_moderate:2.00:0,combined_moderate:43520:combined_moderate:2.00,43520,combined_moderate,combined_moderate,2.0,1,0,118406,150406,7.400375,9.400375,False,f9a3807c3514c924
combined_moderate:43520:combined_moderate:3.00:0,combined_moderate:43520:combined_moderate:3.00,43520,combined_moderate,combined_moderate,3.0,1,0,306198,354198,19.137375,22.137375,False,f9a3807c3514c924
combined_moderate:43521:combined_moderate:1.00:0,combined_moderate:43521:combined_moderate:1.00,43521,combined_moderate,combined_moderate,1.0,1,0,6718,22718,0.419875,1.419875,False,f9a3807c3514c924
combined_moderate:43521:combined_moderate:2.00:0,combined_moderate:43521:combined_moderate:2.00,43521,combined_moderate,combined_moderate,2.0,1,0,31927,63927,1.9954375,3.9954375,False,f9a3807c3514c924
combined_moderate:43521:combined_moderate:3.00:0,combined_moderate:43521:combined_moderate:3.00,43521,combined_moderate,combined_moderate,3.0,1,0,155744,203744,9.734,12.734,False,f9a3807c3514c924
combined_moderate:43765:combined_moderate:1.00:0,combined_moderate:43765:combined_moderate:1.00,43765,combined_moderate,combined_moderate,1.0,1,0,28136,44136,1.7585,2.7585,False,f9a3807c3514c924
combined_moderate:43765:combined_moderate:2.00:0,combined_moderate:43765:combined_moderate:2.00,43765,combined_moderate,combined_moderate,2.0,1,0,364267,396267,22.7666875,24.7666875,False,f9a3807c3514c924
combined_moderate:43765:combined_moderate:3.00:0,combined_moderate:43765:combined_moderate:3.00,43765,combined_moderate,combined_moderate,3.0,1,0,357627,405627,22.3516875,25.3516875,False,f9a3807c3514c924
combined_moderate:43766:combined_moderate:1.00:0,combined_moderate:43766:combined_moderate:1.00,43766,combined_moderate,combined_moderate,1.0,1,0,80359,96359,5.0224375,6.0224375,False,f9a3807c3514c924
combined_moderate:43766:combined_moderate:2.00:0,combined_moderate:43766:combined_moderate:2.00,43766,combined_moderate,combined_moderate,2.0,1,0,360703,392703,22.5439375,24.5439375,False,f9a3807c3514c924
combined_moderate:43766:combined_moderate:3.00:0,combined_moderate:43766:combined_moderate:3.00,43766,combined_moderate,combined_moderate,3.0,1,0,32788,80788,2.04925,5.04925,False,f9a3807c3514c924
combined_moderate:43767:combined_moderate:1.00:0,combined_moderate:43767:combined_moderate:1.00,43767,combined_moderate,combined_moderate,1.0,1,0,378223,394223,23.6389375,24.6389375,False,f9a3807c3514c924
combined_moderate:43767:combined_moderate:2.00:0,combined_moderate:43767:combined_moderate:2.00,43767,combined_moderate,combined_moderate,2.0,1,0,412542,444542,25.783875,27.783875,False,f9a3807c3514c924
combined_moderate:43767:combined_moderate:3.00:0,combined_moderate:43767:combined_moderate:3.00,43767,combined_moderate,combined_moderate,3.0,1,0,63069,111069,3.9418125,6.9418125,False,f9a3807c3514c924
combined_moderate:43768:combined_moderate:1.00:0,combined_moderate:43768:combined_moderate:1.00,43768,combined_moderate,combined_moderate,1.0,1,0,55988,71988,3.49925,4.49925,False,f9a3807c3514c924
combined_moderate:43768:combined_moderate:2.00:0,combined_moderate:43768:combined_moderate:2.00,43768,combined_moderate,combined_moderate,2.0,1,0,363624,395624,22.7265,24.7265,False,f9a3807c3514c924
combined_moderate:43768:combined_moderate:3.00:0,combined_moderate:43768:combined_moderate:3.00,43768,combined_moderate,combined_moderate,3.0,1,0,365386,413386,22.836625,25.836625,False,f9a3807c3514c924
combined_moderate:43859:combined_moderate:1.00:0,combined_moderate:43859:combined_moderate:1.00,43859,combined_moderate,combined_moderate,1.0,1,0,156063,172063,9.7539375,10.7539375,False,f9a3807c3514c924
combined_moderate:43859:combined_moderate:2.00:0,combined_moderate:43859:combined_moderate:2.00,43859,combined_moderate,combined_moderate,2.0,1,0,107428,139428,6.71425,8.71425,False,f9a3807c3514c924
combined_moderate:43859:combined_moderate:3.00:0,combined_moderate:43859:combined_moderate:3.00,43859,combined_moderate,combined_moderate,3.0,1,0,21270,69270,1.329375,4.329375,False,f9a3807c3514c924
combined_moderate:44777:combined_moderate:1.00:0,combined_moderate:44777:combined_moderate:1.00,44777,combined_moderate,combined_moderate,1.0,1,0,403448,419448,25.2155,26.2155,False,f9a3807c3514c924
combined_moderate:44777:combined_moderate:2.00:0,combined_moderate:44777:combined_moderate:2.00,44777,combined_moderate,combined_moderate,2.0,1,0,409380,441380,25.58625,27.58625,False,f9a3807c3514c924
combined_moderate:44777:combined_moderate:3.00:0,combined_moderate:44777:combined_moderate:3.00,44777,combined_moderate,combined_moderate,3.0,1,0,60668,108668,3.79175,6.79175,False,f9a3807c3514c924
combined_moderate:44800:combined_moderate:1.00:0,combined_moderate:44800:combined_moderate:1.00,44800,combined_moderate,combined_moderate,1.0,1,0,150380,166380,9.39875,10.39875,False,f9a3807c3514c924
combined_moderate:44800:combined_moderate:2.00:0,combined_moderate:44800:combined_moderate:2.00,44800,combined_moderate,combined_moderate,2.0,1,0,51661,83661,3.2288125,5.2288125,False,f9a3807c3514c924
combined_moderate:44800:combined_moderate:3.00:0,combined_moderate:44800:combined_moderate:3.00,44800,combined_moderate,combined_moderate,3.0,1,0,43470,91470,2.716875,5.716875,False,f9a3807c3514c924
combined_moderate:45149:combined_moderate:1.00:0,combined_moderate:45149:combined_moderate:1.00,45149,combined_moderate,combined_moderate,1.0,1,0,156633,172633,9.7895625,10.7895625,False,f9a3807c3514c924
combined_moderate:45149:combined_moderate:2.00:0,combined_moderate:45149:combined_moderate:2.00,45149,combined_moderate,combined_moderate,2.0,1,0,21690,53690,1.355625,3.355625,False,f9a3807c3514c924
combined_moderate:45149:combined_moderate:3.00:0,combined_moderate:45149:combined_moderate:3.00,45149,combined_moderate,combined_moderate,3.0,1,0,269227,317227,16.8266875,19.8266875,False,f9a3807c3514c924
combined_moderate:45152:combined_moderate:1.00:0,combined_moderate:45152:combined_moderate:1.00,45152,combined_moderate,combined_moderate,1.0,1,0,52047,68047,3.2529375,4.2529375,False,f9a3807c3514c924
combined_moderate:45152:combined_moderate:2.00:0,combined_moderate:45152:combined_moderate:2.00,45152,combined_moderate,combined_moderate,2.0,1,0,48511,80511,3.0319375,5.0319375,False,f9a3807c3514c924
combined_moderate:45152:combined_moderate:3.00:0,combined_moderate:45152:combined_moderate:3.00,45152,combined_moderate,combined_moderate,3.0,1,0,381573,429573,23.8483125,26.8483125,False,f9a3807c3514c924
combined_moderate:45934:combined_moderate:1.00:0,combined_moderate:45934:combined_moderate:1.00,45934,combined_moderate,combined_moderate,1.0,1,0,150050,166050,9.378125,10.378125,False,f9a3807c3514c924
combined_moderate:45934:combined_moderate:2.00:0,combined_moderate:45934:combined_moderate:2.00,45934,combined_moderate,combined_moderate,2.0,1,0,142360,174360,8.8975,10.8975,False,f9a3807c3514c924
combined_moderate:45934:combined_moderate:3.00:0,combined_moderate:45934:combined_moderate:3.00,45934,combined_moderate,combined_moderate,3.0,1,0,271139,319139,16.9461875,19.9461875,False,f9a3807c3514c924
combined_moderate:46717:combined_moderate:1.00:0,combined_moderate:46717:combined_moderate:1.00,46717,combined_moderate,combined_moderate,1.0,1,0,306695,322695,19.1684375,20.1684375,False,f9a3807c3514c924
combined_moderate:46717:combined_moderate:2.00:0,combined_moderate:46717:combined_moderate:2.00,46717,combined_moderate,combined_moderate,2.0,1,0,1346,33346,0.084125,2.084125,False,f9a3807c3514c924
combined_moderate:46717:combined_moderate:3.00:0,combined_moderate:46717:combined_moderate:3.00,46717,combined_moderate,combined_moderate,3.0,1,0,96183,144183,6.0114375,9.0114375,False,f9a3807c3514c924
combined_moderate:46718:combined_moderate:1.00:0,combined_moderate:46718:combined_moderate:1.00,46718,combined_moderate,combined_moderate,1.0,1,0,311428,327428,19.46425,20.46425,False,f9a3807c3514c924
combined_moderate:46718:combined_moderate:2.00:0,combined_moderate:46718:combined_moderate:2.00,46718,combined_moderate,combined_moderate,2.0,1,0,389166,421166,24.322875,26.322875,False,f9a3807c3514c924
combined_moderate:46718:combined_moderate:3.00:0,combined_moderate:46718:combined_moderate:3.00,46718,combined_moderate,combined_moderate,3.0,1,0,327561,375561,20.4725625,23.4725625,False,f9a3807c3514c924
combined_moderate:46720:combined_moderate:1.00:0,combined_moderate:46720:combined_moderate:1.00,46720,combined_moderate,combined_moderate,1.0,1,0,326519,342519,20.4074375,21.4074375,False,f9a3807c3514c924
combined_moderate:46720:combined_moderate:2.00:0,combined_moderate:46720:combined_moderate:2.00,46720,combined_moderate,combined_moderate,2.0,1,0,314528,346528,19.658,21.658,False,f9a3807c3514c924
combined_moderate:46720:combined_moderate:3.00:0,combined_moderate:46720:combined_moderate:3.00,46720,combined_moderate,combined_moderate,3.0,1,0,103078,151078,6.442375,9.442375,False,f9a3807c3514c924
combined_moderate:47471:combined_moderate:1.00:0,combined_moderate:47471:combined_moderate:1.00,47471,combined_moderate,combined_moderate,1.0,1,0,315654,331654,19.728375,20.728375,False,f9a3807c3514c924
combined_moderate:47471:combined_moderate:2.00:0,combined_moderate:47471:combined_moderate:2.00,47471,combined_moderate,combined_moderate,2.0,1,0,23642,55642,1.477625,3.477625,False,f9a3807c3514c924
combined_moderate:47471:combined_moderate:3.00:0,combined_moderate:47471:combined_moderate:3.00,47471,combined_moderate,combined_moderate,3.0,1,0,336880,384880,21.055,24.055,False,f9a3807c3514c924
combined_moderate:47526:combined_moderate:1.00:0,combined_moderate:47526:combined_moderate:1.00,47526,combined_moderate,combined_moderate,1.0,1,0,394478,410478,24.654875,25.654875,False,f9a3807c3514c924
combined_moderate:47526:combined_moderate:2.00:0,combined_moderate:47526:combined_moderate:2.00,47526,combined_moderate,combined_moderate,2.0,1,0,55199,87199,3.4499375,5.4499375,False,f9a3807c3514c924
combined_moderate:47526:combined_moderate:3.00:0,combined_moderate:47526:combined_moderate:3.00,47526,combined_moderate,combined_moderate,3.0,1,0,88385,136385,5.5240625,8.5240625,False,f9a3807c3514c924
combined_moderate:47628:combined_moderate:1.00:0,combined_moderate:47628:combined_moderate:1.00,47628,combined_moderate,combined_moderate,1.0,1,0,25165,41165,1.5728125,2.5728125,False,f9a3807c3514c924
combined_moderate:47628:combined_moderate:2.00:0,combined_moderate:47628:combined_moderate:2.00,47628,combined_moderate,combined_moderate,2.0,1,0,409781,441781,25.6113125,27.6113125,False,f9a3807c3514c924
combined_moderate:47628:combined_moderate:3.00:0,combined_moderate:47628:combined_moderate:3.00,47628,combined_moderate,combined_moderate,3.0,1,0,28442,76442,1.777625,4.777625,False,f9a3807c3514c924
combined_moderate:48293:combined_moderate:1.00:0,combined_moderate:48293:combined_moderate:1.00,48293,combined_moderate,combined_moderate,1.0,1,0,9070,25070,0.566875,1.566875,False,f9a3807c3514c924
combined_moderate:48293:combined_moderate:2.00:0,combined_moderate:48293:combined_moderate:2.00,48293,combined_moderate,combined_moderate,2.0,1,0,320816,352816,20.051,22.051,False,f9a3807c3514c924
combined_moderate:48293:combined_moderate:3.00:0,combined_moderate:48293:combined_moderate:3.00,48293,combined_moderate,combined_moderate,3.0,1,0,372414,420414,23.275875,26.275875,False,f9a3807c3514c924
combined_moderate:48990:combined_moderate:1.00:0,combined_moderate:48990:combined_moderate:1.00,48990,combined_moderate,combined_moderate,1.0,1,0,332534,348534,20.783375,21.783375,False,f9a3807c3514c924
combined_moderate:48990:combined_moderate:2.00:0,combined_moderate:48990:combined_moderate:2.00,48990,combined_moderate,combined_moderate,2.0,1,0,300418,332418,18.776125,20.776125,False,f9a3807c3514c924
combined_moderate:48990:combined_moderate:3.00:0,combined_moderate:48990:combined_moderate:3.00,48990,combined_moderate,combined_moderate,3.0,1,0,26183,74183,1.6364375,4.6364375,False,f9a3807c3514c924
combined_moderate:48999:combined_moderate:1.00:0,combined_moderate:48999:combined_moderate:1.00,48999,combined_moderate,combined_moderate,1.0,1,0,60531,76531,3.7831875,4.7831875,False,f9a3807c3514c924
combined_moderate:48999:combined_moderate:2.00:0,combined_moderate:48999:combined_moderate:2.00,48999,combined_moderate,combined_moderate,2.0,1,0,49082,81082,3.067625,5.067625,False,f9a3807c3514c924
combined_moderate:48999:combined_moderate:3.00:0,combined_moderate:48999:combined_moderate:3.00,48999,combined_moderate,combined_moderate,3.0,1,0,403912,451912,25.2445,28.2445,False,f9a3807c3514c924
combined_moderate:49477:combined_moderate:1.00:0,combined_moderate:49477:combined_moderate:1.00,49477,combined_moderate,combined_moderate,1.0,1,0,380580,396580,23.78625,24.78625,False,f9a3807c3514c924
combined_moderate:49477:combined_moderate:2.00:0,combined_moderate:49477:combined_moderate:2.00,49477,combined_moderate,combined_moderate,2.0,1,0,138874,170874,8.679625,10.679625,False,f9a3807c3514c924
combined_moderate:49477:combined_moderate:3.00:0,combined_moderate:49477:combined_moderate:3.00,49477,combined_moderate,combined_moderate,3.0,1,0,361977,409977,22.6235625,25.6235625,False,f9a3807c3514c924
combined_moderate:50752:combined_moderate:1.00:0,combined_moderate:50752:combined_moderate:1.00,50752,combined_moderate,combined_moderate,1.0,1,0,463282,479282,28.955125,29.955125,False,f9a3807c3514c924
combined_moderate:50752:combined_moderate:2.00:0,combined_moderate:50752:combined_moderate:2.00,50752,combined_moderate,combined_moderate,2.0,1,0,444101,476101,27.7563125,29.7563125,False,f9a3807c3514c924
combined_moderate:50752:combined_moderate:3.00:0,combined_moderate:50752:combined_moderate:3.00,50752,combined_moderate,combined_moderate,3.0,1,0,363508,411508,22.71925,25.71925,False,f9a3807c3514c924
combined_moderate:50753:combined_moderate:1.00:0,combined_moderate:50753:combined_moderate:1.00,50753,combined_moderate,combined_moderate,1.0,1,0,38324,54324,2.39525,3.39525,False,f9a3807c3514c924
combined_moderate:50753:combined_moderate:2.00:0,combined_moderate:50753:combined_moderate:2.00,50753,combined_moderate,combined_moderate,2.0,1,0,291470,323470,18.216875,20.216875,False,f9a3807c3514c924
combined_moderate:50753:combined_moderate:3.00:0,combined_moderate:50753:combined_moderate:3.00,50753,combined_moderate,combined_moderate,3.0,1,0,101698,149698,6.356125,9.356125,False,f9a3807c3514c924
combined_moderate:50754:combined_moderate:1.00:0,combined_moderate:50754:combined_moderate:1.00,50754,combined_moderate,combined_moderate,1.0,1,0,423819,439819,26.4886875,27.4886875,False,f9a3807c3514c924
combined_moderate:50754:combined_moderate:2.00:0,combined_moderate:50754:combined_moderate:2.00,50754,combined_moderate,combined_moderate,2.0,1,0,356039,388039,22.2524375,24.2524375,False,f9a3807c3514c924
combined_moderate:50754:combined_moderate:3.00:0,combined_moderate:50754:combined_moderate:3.00,50754,combined_moderate,combined_moderate,3.0,1,0,297023,345023,18.5639375,21.5639375,False,f9a3807c3514c924
combined_moderate:51260:combined_moderate:1.00:0,combined_moderate:51260:combined_moderate:1.00,51260,combined_moderate,combined_moderate,1.0,1,0,13948,29948,0.87175,1.87175,False,f9a3807c3514c924
combined_moderate:51260:combined_moderate:2.00:0,combined_moderate:51260:combined_moderate:2.00,51260,combined_moderate,combined_moderate,2.0,1,0,370493,402493,23.1558125,25.1558125,False,f9a3807c3514c924
combined_moderate:51260:combined_moderate:3.00:0,combined_moderate:51260:combined_moderate:3.00,51260,combined_moderate,combined_moderate,3.0,1,0,85915,133915,5.3696875,8.3696875,False,f9a3807c3514c924
combined_moderate:51272:combined_moderate:1.00:0,combined_moderate:51272:combined_moderate:1.00,51272,combined_moderate,combined_moderate,1.0,1,0,461229,477229,28.8268125,29.8268125,False,f9a3807c3514c924
combined_moderate:51272:combined_moderate:2.00:0,combined_moderate:51272:combined_moderate:2.00,51272,combined_moderate,combined_moderate,2.0,1,0,372411,404411,23.2756875,25.2756875,False,f9a3807c3514c924
combined_moderate:51272:combined_moderate:3.00:0,combined_moderate:51272:combined_moderate:3.00,51272,combined_moderate,combined_moderate,3.0,1,0,19741,67741,1.2338125,4.2338125,False,f9a3807c3514c924
combined_moderate:51301:combined_moderate:1.00:0,combined_moderate:51301:combined_moderate:1.00,51301,combined_moderate,combined_moderate,1.0,1,0,307816,323816,19.2385,20.2385,False,f9a3807c3514c924
combined_moderate:51301:combined_moderate:2.00:0,combined_moderate:51301:combined_moderate:2.00,51301,combined_moderate,combined_moderate,2.0,1,0,327094,359094,20.443375,22.443375,False,f9a3807c3514c924
combined_moderate:51301:combined_moderate:3.00:0,combined_moderate:51301:combined_moderate:3.00,51301,combined_moderate,combined_moderate,3.0,1,0,399020,447020,24.93875,27.93875,False,f9a3807c3514c924
combined_moderate:51305:combined_moderate:1.00:0,combined_moderate:51305:combined_moderate:1.00,51305,combined_moderate,combined_moderate,1.0,1,0,373585,389585,23.3490625,24.3490625,False,f9a3807c3514c924
combined_moderate:51305:combined_moderate:2.00:0,combined_moderate:51305:combined_moderate:2.00,51305,combined_moderate,combined_moderate,2.0,1,0,403079,435079,25.1924375,27.1924375,False,f9a3807c3514c924
combined_moderate:51305:combined_moderate:3.00:0,combined_moderate:51305:combined_moderate:3.00,51305,combined_moderate,combined_moderate,3.0,1,0,302783,350783,18.9239375,21.9239375,False,f9a3807c3514c924
combined_moderate:53228:combined_moderate:1.00:0,combined_moderate:53228:combined_moderate:1.00,53228,combined_moderate,combined_moderate,1.0,1,0,8179,24179,0.5111875,1.5111875,False,f9a3807c3514c924
combined_moderate:53228:combined_moderate:2.00:0,combined_moderate:53228:combined_moderate:2.00,53228,combined_moderate,combined_moderate,2.0,1,0,341849,373849,21.3655625,23.3655625,False,f9a3807c3514c924
combined_moderate:53228:combined_moderate:3.00:0,combined_moderate:53228:combined_moderate:3.00,53228,combined_moderate,combined_moderate,3.0,1,0,355289,403289,22.2055625,25.2055625,False,f9a3807c3514c924
combined_moderate:53229:combined_moderate:1.00:0,combined_moderate:53229:combined_moderate:1.00,53229,combined_moderate,combined_moderate,1.0,1,0,124333,140333,7.7708125,8.7708125,False,f9a3807c3514c924
combined_moderate:53229:combined_moderate:2.00:0,combined_moderate:53229:combined_moderate:2.00,53229,combined_moderate,combined_moderate,2.0,1,0,20061,52061,1.2538125,3.2538125,False,f9a3807c3514c924
combined_moderate:53229:combined_moderate:3.00:0,combined_moderate:53229:combined_moderate:3.00,53229,combined_moderate,combined_moderate,3.0,1,0,67295,115295,4.2059375,7.2059375,False,f9a3807c3514c924
combined_moderate:53586:combined_moderate:1.00:0,combined_moderate:53586:combined_moderate:1.00,53586,combined_moderate,combined_moderate,1.0,1,0,17448,33448,1.0905,2.0905,False,f9a3807c3514c924
combined_moderate:53586:combined_moderate:2.00:0,combined_moderate:53586:combined_moderate:2.00,53586,combined_moderate,combined_moderate,2.0,1,0,355303,387303,22.2064375,24.2064375,False,f9a3807c3514c924
combined_moderate:53586:combined_moderate:3.00:0,combined_moderate:53586:combined_moderate:3.00,53586,combined_moderate,combined_moderate,3.0,1,0,374280,422280,23.3925,26.3925,False,f9a3807c3514c924
combined_moderate:53587:combined_moderate:1.00:0,combined_moderate:53587:combined_moderate:1.00,53587,combined_moderate,combined_moderate,1.0,1,0,428981,444981,26.8113125,27.8113125,False,f9a3807c3514c924
combined_moderate:53587:combined_moderate:2.00:0,combined_moderate:53587:combined_moderate:2.00,53587,combined_moderate,combined_moderate,2.0,1,0,75562,107562,4.722625,6.722625,False,f9a3807c3514c924
combined_moderate:53587:combined_moderate:3.00:0,combined_moderate:53587:combined_moderate:3.00,53587,combined_moderate,combined_moderate,3.0,1,0,269095,317095,16.8184375,19.8184375,False,f9a3807c3514c924
combined_moderate:53588:combined_moderate:1.00:0,combined_moderate:53588:combined_moderate:1.00,53588,combined_moderate,combined_moderate,1.0,1,0,160836,176836,10.05225,11.05225,False,f9a3807c3514c924
combined_moderate:53588:combined_moderate:2.00:0,combined_moderate:53588:combined_moderate:2.00,53588,combined_moderate,combined_moderate,2.0,1,0,411043,443043,25.6901875,27.6901875,False,f9a3807c3514c924
combined_moderate:53588:combined_moderate:3.00:0,combined_moderate:53588:combined_moderate:3.00,53588,combined_moderate,combined_moderate,3.0,1,0,416728,464728,26.0455,29.0455,False,f9a3807c3514c924
combined_moderate:53589:combined_moderate:1.00:0,combined_moderate:53589:combined_moderate:1.00,53589,combined_moderate,combined_moderate,1.0,1,0,118013,134013,7.3758125,8.3758125,False,f9a3807c3514c924
combined_moderate:53589:combined_moderate:2.00:0,combined_moderate:53589:combined_moderate:2.00,53589,combined_moderate,combined_moderate,2.0,1,0,380876,412876,23.80475,25.80475,False,f9a3807c3514c924
combined_moderate:53589:combined_moderate:3.00:0,combined_moderate:53589:combined_moderate:3.00,53589,combined_moderate,combined_moderate,3.0,1,0,270326,318326,16.895375,19.895375,False,f9a3807c3514c924
combined_moderate:54703:combined_moderate:1.00:0,combined_moderate:54703:combined_moderate:1.00,54703,combined_moderate,combined_moderate,1.0,1,0,133985,149985,8.3740625,9.3740625,False,f9a3807c3514c924
combined_moderate:54703:combined_moderate:2.00:0,combined_moderate:54703:combined_moderate:2.00,54703,combined_moderate,combined_moderate,2.0,1,0,330138,362138,20.633625,22.633625,False,f9a3807c3514c924
combined_moderate:54703:combined_moderate:3.00:0,combined_moderate:54703:combined_moderate:3.00,54703,combined_moderate,combined_moderate,3.0,1,0,30705,78705,1.9190625,4.9190625,False,f9a3807c3514c924
combined_moderate:56523:combined_moderate:1.00:0,combined_moderate:56523:combined_moderate:1.00,56523,combined_moderate,combined_moderate,1.0,1,0,376934,392934,23.558375,24.558375,False,f9a3807c3514c924
combined_moderate:56523:combined_moderate:2.00:0,combined_moderate:56523:combined_moderate:2.00,56523,combined_moderate,combined_moderate,2.0,1,0,409027,441027,25.5641875,27.5641875,False,f9a3807c3514c924
combined_moderate:56523:combined_moderate:3.00:0,combined_moderate:56523:combined_moderate:3.00,56523,combined_moderate,combined_moderate,3.0,1,0,160111,208111,10.0069375,13.0069375,False,f9a3807c3514c924
combined_moderate:56895:combined_moderate:1.00:0,combined_moderate:56895:combined_moderate:1.00,56895,combined_moderate,combined_moderate,1.0,1,0,293138,309138,18.321125,19.321125,False,f9a3807c3514c924
combined_moderate:56895:combined_moderate:2.00:0,combined_moderate:56895:combined_moderate:2.00,56895,combined_moderate,combined_moderate,2.0,1,0,69094,101094,4.318375,6.318375,False,f9a3807c3514c924
combined_moderate:56895:combined_moderate:3.00:0,combined_moderate:56895:combined_moderate:3.00,56895,combined_moderate,combined_moderate,3.0,1,0,101384,149384,6.3365,9.3365,False,f9a3807c3514c924
combined_moderate:56929:combined_moderate:1.00:0,combined_moderate:56929:combined_moderate:1.00,56929,combined_moderate,combined_moderate,1.0,1,0,289096,305096,18.0685,19.0685,False,f9a3807c3514c924
combined_moderate:56929:combined_moderate:2.00:0,combined_moderate:56929:combined_moderate:2.00,56929,combined_moderate,combined_moderate,2.0,1,0,95982,127982,5.998875,7.998875,False,f9a3807c3514c924
combined_moderate:56929:combined_moderate:3.00:0,combined_moderate:56929:combined_moderate:3.00,56929,combined_moderate,combined_moderate,3.0,1,0,163864,211864,10.2415,13.2415,False,f9a3807c3514c924
combined_moderate:57271:combined_moderate:1.00:0,combined_moderate:57271:combined_moderate:1.00,57271,combined_moderate,combined_moderate,1.0,1,0,414154,430154,25.884625,26.884625,False,f9a3807c3514c924
combined_moderate:57271:combined_moderate:2.00:0,combined_moderate:57271:combined_moderate:2.00,57271,combined_moderate,combined_moderate,2.0,1,0,432605,464605,27.0378125,29.0378125,False,f9a3807c3514c924
combined_moderate:57271:combined_moderate:3.00:0,combined_moderate:57271:combined_moderate:3.00,57271,combined_moderate,combined_moderate,3.0,1,0,310786,358786,19.424125,22.424125,False,f9a3807c3514c924
combined_moderate:57272:combined_moderate:1.00:0,combined_moderate:57272:combined_moderate:1.00,57272,combined_moderate,combined_moderate,1.0,1,0,108859,124859,6.8036875,7.8036875,False,f9a3807c3514c924
combined_moderate:57272:combined_moderate:2.00:0,combined_moderate:57272:combined_moderate:2.00,57272,combined_moderate,combined_moderate,2.0,1,0,124670,156670,7.791875,9.791875,False,f9a3807c3514c924
combined_moderate:57272:combined_moderate:3.00:0,combined_moderate:57272:combined_moderate:3.00,57272,combined_moderate,combined_moderate,3.0,1,0,363506,411506,22.719125,25.719125,False,f9a3807c3514c924
combined_moderate:57273:combined_moderate:1.00:0,combined_moderate:57273:combined_moderate:1.00,57273,combined_moderate,combined_moderate,1.0,1,0,282412,298412,17.65075,18.65075,False,f9a3807c3514c924
combined_moderate:57273:combined_moderate:2.00:0,combined_moderate:57273:combined_moderate:2.00,57273,combined_moderate,combined_moderate,2.0,1,0,72505,104505,4.5315625,6.5315625,False,f9a3807c3514c924
combined_moderate:57273:combined_moderate:3.00:0,combined_moderate:57273:combined_moderate:3.00,57273,combined_moderate,combined_moderate,3.0,1,0,317396,365396,19.83725,22.83725,False,f9a3807c3514c924
combined_moderate:57274:combined_moderate:1.00:0,combined_moderate:57274:combined_moderate:1.00,57274,combined_moderate,combined_moderate,1.0,1,0,325669,341669,20.3543125,21.3543125,False,f9a3807c3514c924
combined_moderate:57274:combined_moderate:2.00:0,combined_moderate:57274:combined_moderate:2.00,57274,combined_moderate,combined_moderate,2.0,1,0,377359,409359,23.5849375,25.5849375,False,f9a3807c3514c924
combined_moderate:57274:combined_moderate:3.00:0,combined_moderate:57274:combined_moderate:3.00,57274,combined_moderate,combined_moderate,3.0,1,0,341193,389193,21.3245625,24.3245625,False,f9a3807c3514c924
combined_moderate:57540:combined_moderate:1.00:0,combined_moderate:57540:combined_moderate:1.00,57540,combined_moderate,combined_moderate,1.0,1,0,354837,370837,22.1773125,23.1773125,False,f9a3807c3514c924
combined_moderate:57540:combined_moderate:2.00:0,combined_moderate:57540:combined_moderate:2.00,57540,combined_moderate,combined_moderate,2.0,1,0,91374,123374,5.710875,7.710875,False,f9a3807c3514c924
combined_moderate:57540:combined_moderate:3.00:0,combined_moderate:57540:combined_moderate:3.00,57540,combined_moderate,combined_moderate,3.0,1,0,123778,171778,7.736125,10.736125,False,f9a3807c3514c924
combined_moderate:59562:combined_moderate:1.00:0,combined_moderate:59562:combined_moderate:1.00,59562,combined_moderate,combined_moderate,1.0,1,0,406734,422734,25.420875,26.420875,False,f9a3807c3514c924
combined_moderate:59562:combined_moderate:2.00:0,combined_moderate:59562:combined_moderate:2.00,59562,combined_moderate,combined_moderate,2.0,1,0,45773,77773,2.8608125,4.8608125,False,f9a3807c3514c924
combined_moderate:59562:combined_moderate:3.00:0,combined_moderate:59562:combined_moderate:3.00,59562,combined_moderate,combined_moderate,3.0,1,0,92762,140762,5.797625,8.797625,False,f9a3807c3514c924
combined_moderate:59581:combined_moderate:1.00:0,combined_moderate:59581:combined_moderate:1.00,59581,combined_moderate,combined_moderate,1.0,1,0,358788,374788,22.42425,23.42425,False,f9a3807c3514c924
combined_moderate:59581:combined_moderate:2.00:0,combined_moderate:59581:combined_moderate:2.00,59581,combined_moderate,combined_moderate,2.0,1,0,335938,367938,20.996125,22.996125,False,f9a3807c3514c924
combined_moderate:59581:combined_moderate:3.00:0,combined_moderate:59581:combined_moderate:3.00,59581,combined_moderate,combined_moderate,3.0,1,0,45452,93452,2.84075,5.84075,False,f9a3807c3514c924
combined_moderate:59695:combined_moderate:1.00:0,combined_moderate:59695:combined_moderate:1.00,59695,combined_moderate,combined_moderate,1.0,1,0,114147,130147,7.1341875,8.1341875,False,f9a3807c3514c924
combined_moderate:59695:combined_moderate:2.00:0,combined_moderate:59695:combined_moderate:2.00,59695,combined_moderate,combined_moderate,2.0,1,0,288482,320482,18.030125,20.030125,False,f9a3807c3514c924
combined_moderate:59695:combined_moderate:3.00:0,combined_moderate:59695:combined_moderate:3.00,59695,combined_moderate,combined_moderate,3.0,1,0,155405,203405,9.7128125,12.7128125,False,f9a3807c3514c924
combined_moderate:60476:combined_moderate:1.00:0,combined_moderate:60476:combined_moderate:1.00,60476,combined_moderate,combined_moderate,1.0,1,0,64118,80118,4.007375,5.007375,False,f9a3807c3514c924
combined_moderate:60476:combined_moderate:2.00:0,combined_moderate:60476:combined_moderate:2.00,60476,combined_moderate,combined_moderate,2.0,1,0,307879,339879,19.2424375,21.2424375,False,f9a3807c3514c924
combined_moderate:60476:combined_moderate:3.00:0,combined_moderate:60476:combined_moderate:3.00,60476,combined_moderate,combined_moderate,3.0,1,0,266428,314428,16.65175,19.65175,False,f9a3807c3514c924
combined_moderate:60533:combined_moderate:1.00:0,combined_moderate:60533:combined_moderate:1.00,60533,combined_moderate,combined_moderate,1.0,1,0,125747,141747,7.8591875,8.8591875,False,f9a3807c3514c924
combined_moderate:60533:combined_moderate:2.00:0,combined_moderate:60533:combined_moderate:2.00,60533,combined_moderate,combined_moderate,2.0,1,0,16172,48172,1.01075,3.01075,False,f9a3807c3514c924
combined_moderate:60533:combined_moderate:3.00:0,combined_moderate:60533:combined_moderate:3.00,60533,combined_moderate,combined_moderate,3.0,1,0,356446,404446,22.277875,25.277875,False,f9a3807c3514c924
combined_moderate:60534:combined_moderate:1.00:0,combined_moderate:60534:combined_moderate:1.00,60534,combined_moderate,combined_moderate,1.0,1,0,58064,74064,3.629,4.629,False,f9a3807c3514c924
combined_moderate:60534:combined_moderate:2.00:0,combined_moderate:60534:combined_moderate:2.00,60534,combined_moderate,combined_moderate,2.0,1,0,11706,43706,0.731625,2.731625,False,f9a3807c3514c924
combined_moderate:60534:combined_moderate:3.00:0,combined_moderate:60534:combined_moderate:3.00,60534,combined_moderate,combined_moderate,3.0,1,0,283039,331039,17.6899375,20.6899375,False,f9a3807c3514c924
combined_moderate:60535:combined_moderate:1.00:0,combined_moderate:60535:combined_moderate:1.00,60535,combined_moderate,combined_moderate,1.0,1,0,84708,100708,5.29425,6.29425,False,f9a3807c3514c924
combined_moderate:60535:combined_moderate:2.00:0,combined_moderate:60535:combined_moderate:2.00,60535,combined_moderate,combined_moderate,2.0,1,0,318303,350303,19.8939375,21.8939375,False,f9a3807c3514c924
combined_moderate:60535:combined_moderate:3.00:0,combined_moderate:60535:combined_moderate:3.00,60535,combined_moderate,combined_moderate,3.0,1,0,408711,456711,25.5444375,28.5444375,False,f9a3807c3514c924
combined_moderate:60536:combined_moderate:1.00:0,combined_moderate:60536:combined_moderate:1.00,60536,combined_moderate,combined_moderate,1.0,1,0,175408,191408,10.963,11.963,False,f9a3807c3514c924
combined_moderate:60536:combined_moderate:2.00:0,combined_moderate:60536:combined_moderate:2.00,60536,combined_moderate,combined_moderate,2.0,1,0,324401,356401,20.2750625,22.2750625,False,f9a3807c3514c924
combined_moderate:60536:combined_moderate:3.00:0,combined_moderate:60536:combined_moderate:3.00,60536,combined_moderate,combined_moderate,3.0,1,0,388378,436378,24.273625,27.273625,False,f9a3807c3514c924
combined_moderate:60537:combined_moderate:1.00:0,combined_moderate:60537:combined_moderate:1.00,60537,combined_moderate,combined_moderate,1.0,1,0,455373,471373,28.4608125,29.4608125,False,f9a3807c3514c924
combined_moderate:60537:combined_moderate:2.00:0,combined_moderate:60537:combined_moderate:2.00,60537,combined_moderate,combined_moderate,2.0,1,0,318771,350771,19.9231875,21.9231875,False,f9a3807c3514c924
combined_moderate:60537:combined_moderate:3.00:0,combined_moderate:60537:combined_moderate:3.00,60537,combined_moderate,combined_moderate,3.0,1,0,25034,73034,1.564625,4.564625,False,f9a3807c3514c924
combined_moderate:60871:combined_moderate:1.00:0,combined_moderate:60871:combined_moderate:1.00,60871,combined_moderate,combined_moderate,1.0,1,0,178076,194076,11.12975,12.12975,False,f9a3807c3514c924
combined_moderate:60871:combined_moderate:2.00:0,combined_moderate:60871:combined_moderate:2.00,60871,combined_moderate,combined_moderate,2.0,1,0,48736,80736,3.046,5.046,False,f9a3807c3514c924
combined_moderate:60871:combined_moderate:3.00:0,combined_moderate:60871:combined_moderate:3.00,60871,combined_moderate,combined_moderate,3.0,1,0,324134,372134,20.258375,23.258375,False,f9a3807c3514c924
combined_moderate:60872:combined_moderate:1.00:0,combined_moderate:60872:combined_moderate:1.00,60872,combined_moderate,combined_moderate,1.0,1,0,353810,369810,22.113125,23.113125,False,f9a3807c3514c924
combined_moderate:60872:combined_moderate:2.00:0,combined_moderate:60872:combined_moderate:2.00,60872,combined_moderate,combined_moderate,2.0,1,0,164688,196688,10.293,12.293,False,f9a3807c3514c924
combined_moderate:60872:combined_moderate:3.00:0,combined_moderate:60872:combined_moderate:3.00,60872,combined_moderate,combined_moderate,3.0,1,0,50817,98817,3.1760625,6.1760625,False,f9a3807c3514c924
combined_moderate:60873:combined_moderate:1.00:0,combined_moderate:60873:combined_moderate:1.00,60873,combined_moderate,combined_moderate,1.0,1,0,21325,37325,1.3328125,2.3328125,False,f9a3807c3514c924
combined_moderate:60873:combined_moderate:2.00:0,combined_moderate:60873:combined_moderate:2.00,60873,combined_moderate,combined_moderate,2.0,1,0,438519,470519,27.4074375,29.4074375,False,f9a3807c3514c924
combined_moderate:60873:combined_moderate:3.00:0,combined_moderate:60873:combined_moderate:3.00,60873,combined_moderate,combined_moderate,3.0,1,0,120406,168406,7.525375,10.525375,False,f9a3807c3514c924
combined_moderate:60874:combined_moderate:1.00:0,combined_moderate:60874:combined_moderate:1.00,60874,combined_moderate,combined_moderate,1.0,1,0,319924,335924,19.99525,20.99525,False,f9a3807c3514c924
combined_moderate:60874:combined_moderate:2.00:0,combined_moderate:60874:combined_moderate:2.00,60874,combined_moderate,combined_moderate,2.0,1,0,24889,56889,1.5555625,3.5555625,False,f9a3807c3514c924
combined_moderate:60874:combined_moderate:3.00:0,combined_moderate:60874:combined_moderate:3.00,60874,combined_moderate,combined_moderate,3.0,1,0,319629,367629,19.9768125,22.9768125,False,f9a3807c3514c924
combined_moderate:60875:combined_moderate:1.00:0,combined_moderate:60875:combined_moderate:1.00,60875,combined_moderate,combined_moderate,1.0,1,0,431258,447258,26.953625,27.953625,False,f9a3807c3514c924
combined_moderate:60875:combined_moderate:2.00:0,combined_moderate:60875:combined_moderate:2.00,60875,combined_moderate,combined_moderate,2.0,1,0,29977,61977,1.8735625,3.8735625,False,f9a3807c3514c924
combined_moderate:60875:combined_moderate:3.00:0,combined_moderate:60875:combined_moderate:3.00,60875,combined_moderate,combined_moderate,3.0,1,0,378060,426060,23.62875,26.62875,False,f9a3807c3514c924
combined_moderate:61820:combined_moderate:1.00:0,combined_moderate:61820:combined_moderate:1.00,61820,combined_moderate,combined_moderate,1.0,1,0,342545,358545,21.4090625,22.4090625,False,f9a3807c3514c924
combined_moderate:61820:combined_moderate:2.00:0,combined_moderate:61820:combined_moderate:2.00,61820,combined_moderate,combined_moderate,2.0,1,0,132712,164712,8.2945,10.2945,False,f9a3807c3514c924
combined_moderate:61820:combined_moderate:3.00:0,combined_moderate:61820:combined_moderate:3.00,61820,combined_moderate,combined_moderate,3.0,1,0,359980,407980,22.49875,25.49875,False,f9a3807c3514c924
combined_moderate:61821:combined_moderate:1.00:0,combined_moderate:61821:combined_moderate:1.00,61821,combined_moderate,combined_moderate,1.0,1,0,452630,468630,28.289375,29.289375,False,f9a3807c3514c924
combined_moderate:61821:combined_moderate:2.00:0,combined_moderate:61821:combined_moderate:2.00,61821,combined_moderate,combined_moderate,2.0,1,0,362803,394803,22.6751875,24.6751875,False,f9a3807c3514c924
combined_moderate:61821:combined_moderate:3.00:0,combined_moderate:61821:combined_moderate:3.00,61821,combined_moderate,combined_moderate,3.0,1,0,350167,398167,21.8854375,24.8854375,False,f9a3807c3514c924
combined_moderate:63064:combined_moderate:1.00:0,combined_moderate:63064:combined_moderate:1.00,63064,combined_moderate,combined_moderate,1.0,1,0,124072,140072,7.7545,8.7545,False,f9a3807c3514c924
combined_moderate:63064:combined_moderate:2.00:0,combined_moderate:63064:combined_moderate:2.00,63064,combined_moderate,combined_moderate,2.0,1,0,280173,312173,17.5108125,19.5108125,False,f9a3807c3514c924
combined_moderate:63064:combined_moderate:3.00:0,combined_moderate:63064:combined_moderate:3.00,63064,combined_moderate,combined_moderate,3.0,1,0,375741,423741,23.4838125,26.4838125,False,f9a3807c3514c924
combined_moderate:63065:combined_moderate:1.00:0,combined_moderate:63065:combined_moderate:1.00,63065,combined_moderate,combined_moderate,1.0,1,0,21137,37137,1.3210625,2.3210625,False,f9a3807c3514c924
combined_moderate:63065:combined_moderate:2.00:0,combined_moderate:63065:combined_moderate:2.00,63065,combined_moderate,combined_moderate,2.0,1,0,73532,105532,4.59575,6.59575,False,f9a3807c3514c924
combined_moderate:63065:combined_moderate:3.00:0,combined_moderate:63065:combined_moderate:3.00,63065,combined_moderate,combined_moderate,3.0,1,0,62247,110247,3.8904375,6.8904375,False,f9a3807c3514c924
combined_moderate:63149:combined_moderate:1.00:0,combined_moderate:63149:combined_moderate:1.00,63149,combined_moderate,combined_moderate,1.0,1,0,396354,412354,24.772125,25.772125,False,f9a3807c3514c924
combined_moderate:63149:combined_moderate:2.00:0,combined_moderate:63149:combined_moderate:2.00,63149,combined_moderate,combined_moderate,2.0,1,0,62638,94638,3.914875,5.914875,False,f9a3807c3514c924
combined_moderate:63149:combined_moderate:3.00:0,combined_moderate:63149:combined_moderate:3.00,63149,combined_moderate,combined_moderate,3.0,1,0,286736,334736,17.921,20.921,False,f9a3807c3514c924
combined_moderate:63159:combined_moderate:1.00:0,combined_moderate:63159:combined_moderate:1.00,63159,combined_moderate,combined_moderate,1.0,1,0,92581,108581,5.7863125,6.7863125,False,f9a3807c3514c924
combined_moderate:63159:combined_moderate:2.00:0,combined_moderate:63159:combined_moderate:2.00,63159,combined_moderate,combined_moderate,2.0,1,0,121382,153382,7.586375,9.586375,False,f9a3807c3514c924
combined_moderate:63159:combined_moderate:3.00:0,combined_moderate:63159:combined_moderate:3.00,63159,combined_moderate,combined_moderate,3.0,1,0,374112,422112,23.382,26.382,False,f9a3807c3514c924
combined_moderate:63161:combined_moderate:1.00:0,combined_moderate:63161:combined_moderate:1.00,63161,combined_moderate,combined_moderate,1.0,1,0,132687,148687,8.2929375,9.2929375,False,f9a3807c3514c924
combined_moderate:63161:combined_moderate:2.00:0,combined_moderate:63161:combined_moderate:2.00,63161,combined_moderate,combined_moderate,2.0,1,0,110376,142376,6.8985,8.8985,False,f9a3807c3514c924
combined_moderate:63161:combined_moderate:3.00:0,combined_moderate:63161:combined_moderate:3.00,63161,combined_moderate,combined_moderate,3.0,1,0,129760,177760,8.11,11.11,False,f9a3807c3514c924
combined_moderate:63250:combined_moderate:1.00:0,combined_moderate:63250:combined_moderate:1.00,63250,combined_moderate,combined_moderate,1.0,1,0,451292,467292,28.20575,29.20575,False,f9a3807c3514c924
combined_moderate:63250:combined_moderate:2.00:0,combined_moderate:63250:combined_moderate:2.00,63250,combined_moderate,combined_moderate,2.0,1,0,85380,117380,5.33625,7.33625,False,f9a3807c3514c924
combined_moderate:63250:combined_moderate:3.00:0,combined_moderate:63250:combined_moderate:3.00,63250,combined_moderate,combined_moderate,3.0,1,0,55311,103311,3.4569375,6.4569375,False,f9a3807c3514c924
combined_moderate:63251:combined_moderate:1.00:0,combined_moderate:63251:combined_moderate:1.00,63251,combined_moderate,combined_moderate,1.0,1,0,392492,408492,24.53075,25.53075,False,f9a3807c3514c924
combined_moderate:63251:combined_moderate:2.00:0,combined_moderate:63251:combined_moderate:2.00,63251,combined_moderate,combined_moderate,2.0,1,0,73274,105274,4.579625,6.579625,False,f9a3807c3514c924
combined_moderate:63251:combined_moderate:3.00:0,combined_moderate:63251:combined_moderate:3.00,63251,combined_moderate,combined_moderate,3.0,1,0,411358,459358,25.709875,28.709875,False,f9a3807c3514c924
combined_moderate:63252:combined_moderate:1.00:0,combined_moderate:63252:combined_moderate:1.00,63252,combined_moderate,combined_moderate,1.0,1,0,66981,82981,4.1863125,5.1863125,False,f9a3807c3514c924
combined_moderate:63252:combined_moderate:2.00:0,combined_moderate:63252:combined_moderate:2.00,63252,combined_moderate,combined_moderate,2.0,1,0,351278,383278,21.954875,23.954875,False,f9a3807c3514c924
combined_moderate:63252:combined_moderate:3.00:0,combined_moderate:63252:combined_moderate:3.00,63252,combined_moderate,combined_moderate,3.0,1,0,36567,84567,2.2854375,5.2854375,False,f9a3807c3514c924
combined_moderate:63253:combined_moderate:1.00:0,combined_moderate:63253:combined_moderate:1.00,63253,combined_moderate,combined_moderate,1.0,1,0,279929,295929,17.4955625,18.4955625,False,f9a3807c3514c924
combined_moderate:63253:combined_moderate:2.00:0,combined_moderate:63253:combined_moderate:2.00,63253,combined_moderate,combined_moderate,2.0,1,0,442410,474410,27.650625,29.650625,False,f9a3807c3514c924
combined_moderate:63253:combined_moderate:3.00:0,combined_moderate:63253:combined_moderate:3.00,63253,combined_moderate,combined_moderate,3.0,1,0,7383,55383,0.4614375,3.4614375,False,f9a3807c3514c924
combined_moderate:63255:combined_moderate:1.00:0,combined_moderate:63255:combined_moderate:1.00,63255,combined_moderate,combined_moderate,1.0,1,0,385590,401590,24.099375,25.099375,False,f9a3807c3514c924
combined_moderate:63255:combined_moderate:2.00:0,combined_moderate:63255:combined_moderate:2.00,63255,combined_moderate,combined_moderate,2.0,1,0,325840,357840,20.365,22.365,False,f9a3807c3514c924
combined_moderate:63255:combined_moderate:3.00:0,combined_moderate:63255:combined_moderate:3.00,63255,combined_moderate,combined_moderate,3.0,1,0,52443,100443,3.2776875,6.2776875,False,f9a3807c3514c924
combined_moderate:63257:combined_moderate:1.00:0,combined_moderate:63257:combined_moderate:1.00,63257,combined_moderate,combined_moderate,1.0,1,0,408123,424123,25.5076875,26.5076875,False,f9a3807c3514c924
combined_moderate:63257:combined_moderate:2.00:0,combined_moderate:63257:combined_moderate:2.00,63257,combined_moderate,combined_moderate,2.0,1,0,280486,312486,17.530375,19.530375,False,f9a3807c3514c924
combined_moderate:63257:combined_moderate:3.00:0,combined_moderate:63257:combined_moderate:3.00,63257,combined_moderate,combined_moderate,3.0,1,0,157767,205767,9.8604375,12.8604375,False,f9a3807c3514c924
combined_moderate:63258:combined_moderate:1.00:0,combined_moderate:63258:combined_moderate:1.00,63258,combined_moderate,combined_moderate,1.0,1,0,104792,120792,6.5495,7.5495,False,f9a3807c3514c924
combined_moderate:63258:combined_moderate:2.00:0,combined_moderate:63258:combined_moderate:2.00,63258,combined_moderate,combined_moderate,2.0,1,0,74180,106180,4.63625,6.63625,False,f9a3807c3514c924
combined_moderate:63258:combined_moderate:3.00:0,combined_moderate:63258:combined_moderate:3.00,63258,combined_moderate,combined_moderate,3.0,1,0,47331,95331,2.9581875,5.9581875,False,f9a3807c3514c924
combined_moderate:63456:combined_moderate:1.00:0,combined_moderate:63456:combined_moderate:1.00,63456,combined_moderate,combined_moderate,1.0,1,0,392346,408346,24.521625,25.521625,False,f9a3807c3514c924
combined_moderate:63456:combined_moderate:2.00:0,combined_moderate:63456:combined_moderate:2.00,63456,combined_moderate,combined_moderate,2.0,1,0,281676,313676,17.60475,19.60475,False,f9a3807c3514c924
combined_moderate:63456:combined_moderate:3.00:0,combined_moderate:63456:combined_moderate:3.00,63456,combined_moderate,combined_moderate,3.0,1,0,143479,191479,8.9674375,11.9674375,False,f9a3807c3514c924
combined_moderate:63457:combined_moderate:1.00:0,combined_moderate:63457:combined_moderate:1.00,63457,combined_moderate,combined_moderate,1.0,1,0,73247,89247,4.5779375,5.5779375,False,f9a3807c3514c924
combined_moderate:63457:combined_moderate:2.00:0,combined_moderate:63457:combined_moderate:2.00,63457,combined_moderate,combined_moderate,2.0,1,0,379821,411821,23.7388125,25.7388125,False,f9a3807c3514c924
combined_moderate:63457:combined_moderate:3.00:0,combined_moderate:63457:combined_moderate:3.00,63457,combined_moderate,combined_moderate,3.0,1,0,345583,393583,21.5989375,24.5989375,False,f9a3807c3514c924
combined_moderate:64618:combined_moderate:1.00:0,combined_moderate:64618:combined_moderate:1.00,64618,combined_moderate,combined_moderate,1.0,1,0,408841,424841,25.5525625,26.5525625,False,f9a3807c3514c924
combined_moderate:64618:combined_moderate:2.00:0,combined_moderate:64618:combined_moderate:2.00,64618,combined_moderate,combined_moderate,2.0,1,0,126390,158390,7.899375,9.899375,False,f9a3807c3514c924
combined_moderate:64618:combined_moderate:3.00:0,combined_moderate:64618:combined_moderate:3.00,64618,combined_moderate,combined_moderate,3.0,1,0,21485,69485,1.3428125,4.3428125,False,f9a3807c3514c924
combined_moderate:65265:combined_moderate:1.00:0,combined_moderate:65265:combined_moderate:1.00,65265,combined_moderate,combined_moderate,1.0,1,0,72601,88601,4.5375625,5.5375625,False,f9a3807c3514c924
combined_moderate:65265:combined_moderate:2.00:0,combined_moderate:65265:combined_moderate:2.00,65265,combined_moderate,combined_moderate,2.0,1,0,8493,40493,0.5308125,2.5308125,False,f9a3807c3514c924
combined_moderate:65265:combined_moderate:3.00:0,combined_moderate:65265:combined_moderate:3.00,65265,combined_moderate,combined_moderate,3.0,1,0,398580,446580,24.91125,27.91125,False,f9a3807c3514c924
combined_moderate:65777:combined_moderate:1.00:0,combined_moderate:65777:combined_moderate:1.00,65777,combined_moderate,combined_moderate,1.0,1,0,151323,167323,9.4576875,10.4576875,False,f9a3807c3514c924
combined_moderate:65777:combined_moderate:2.00:0,combined_moderate:65777:combined_moderate:2.00,65777,combined_moderate,combined_moderate,2.0,1,0,351892,383892,21.99325,23.99325,False,f9a3807c3514c924
combined_moderate:65777:combined_moderate:3.00:0,combined_moderate:65777:combined_moderate:3.00,65777,combined_moderate,combined_moderate,3.0,1,0,97553,145553,6.0970625,9.0970625,False,f9a3807c3514c924
combined_moderate:65779:combined_moderate:1.00:0,combined_moderate:65779:combined_moderate:1.00,65779,combined_moderate,combined_moderate,1.0,1,0,453641,469641,28.3525625,29.3525625,False,f9a3807c3514c924
combined_moderate:65779:combined_moderate:2.00:0,combined_moderate:65779:combined_moderate:2.00,65779,combined_moderate,combined_moderate,2.0,1,0,83955,115955,5.2471875,7.2471875,False,f9a3807c3514c924
combined_moderate:65779:combined_moderate:3.00:0,combined_moderate:65779:combined_moderate:3.00,65779,combined_moderate,combined_moderate,3.0,1,0,118541,166541,7.4088125,10.4088125,False,f9a3807c3514c924
combined_moderate:65780:combined_moderate:1.00:0,combined_moderate:65780:combined_moderate:1.00,65780,combined_moderate,combined_moderate,1.0,1,0,28883,44883,1.8051875,2.8051875,False,f9a3807c3514c924
combined_moderate:65780:combined_moderate:2.00:0,combined_moderate:65780:combined_moderate:2.00,65780,combined_moderate,combined_moderate,2.0,1,0,129059,161059,8.0661875,10.0661875,False,f9a3807c3514c924
combined_moderate:65780:combined_moderate:3.00:0,combined_moderate:65780:combined_moderate:3.00,65780,combined_moderate,combined_moderate,3.0,1,0,1157,49157,0.0723125,3.0723125,False,f9a3807c3514c924
combined_moderate:66534:combined_moderate:1.00:0,combined_moderate:66534:combined_moderate:1.00,66534,combined_moderate,combined_moderate,1.0,1,0,376694,392694,23.543375,24.543375,False,f9a3807c3514c924
combined_moderate:66534:combined_moderate:2.00:0,combined_moderate:66534:combined_moderate:2.00,66534,combined_moderate,combined_moderate,2.0,1,0,31574,63574,1.973375,3.973375,False,f9a3807c3514c924
combined_moderate:66534:combined_moderate:3.00:0,combined_moderate:66534:combined_moderate:3.00,66534,combined_moderate,combined_moderate,3.0,1,0,368560,416560,23.035,26.035,False,f9a3807c3514c924
combined_moderate:66535:combined_moderate:1.00:0,combined_moderate:66535:combined_moderate:1.00,66535,combined_moderate,combined_moderate,1.0,1,0,23581,39581,1.4738125,2.4738125,False,f9a3807c3514c924
combined_moderate:66535:combined_moderate:2.00:0,combined_moderate:66535:combined_moderate:2.00,66535,combined_moderate,combined_moderate,2.0,1,0,332816,364816,20.801,22.801,False,f9a3807c3514c924
combined_moderate:66535:combined_moderate:3.00:0,combined_moderate:66535:combined_moderate:3.00,66535,combined_moderate,combined_moderate,3.0,1,0,8121,56121,0.5075625,3.5075625,False,f9a3807c3514c924
combined_moderate:66536:combined_moderate:1.00:0,combined_moderate:66536:combined_moderate:1.00,66536,combined_moderate,combined_moderate,1.0,1,0,338184,354184,21.1365,22.1365,False,f9a3807c3514c924
combined_moderate:66536:combined_moderate:2.00:0,combined_moderate:66536:combined_moderate:2.00,66536,combined_moderate,combined_moderate,2.0,1,0,92952,124952,5.8095,7.8095,False,f9a3807c3514c924
combined_moderate:66536:combined_moderate:3.00:0,combined_moderate:66536:combined_moderate:3.00,66536,combined_moderate,combined_moderate,3.0,1,0,102142,150142,6.383875,9.383875,False,f9a3807c3514c924
combined_moderate:66537:combined_moderate:1.00:0,combined_moderate:66537:combined_moderate:1.00,66537,combined_moderate,combined_moderate,1.0,1,0,8256,24256,0.516,1.516,False,f9a3807c3514c924
combined_moderate:66537:combined_moderate:2.00:0,combined_moderate:66537:combined_moderate:2.00,66537,combined_moderate,combined_moderate,2.0,1,0,375718,407718,23.482375,25.482375,False,f9a3807c3514c924
combined_moderate:66537:combined_moderate:3.00:0,combined_moderate:66537:combined_moderate:3.00,66537,combined_moderate,combined_moderate,3.0,1,0,281405,329405,17.5878125,20.5878125,False,f9a3807c3514c924
combined_moderate:66538:combined_moderate:1.00:0,combined_moderate:66538:combined_moderate:1.00,66538,combined_moderate,combined_moderate,1.0,1,0,52927,68927,3.3079375,4.3079375,False,f9a3807c3514c924
combined_moderate:66538:combined_moderate:2.00:0,combined_moderate:66538:combined_moderate:2.00,66538,combined_moderate,combined_moderate,2.0,1,0,141987,173987,8.8741875,10.8741875,False,f9a3807c3514c924
combined_moderate:66538:combined_moderate:3.00:0,combined_moderate:66538:combined_moderate:3.00,66538,combined_moderate,combined_moderate,3.0,1,0,101143,149143,6.3214375,9.3214375,False,f9a3807c3514c924
combined_moderate:66539:combined_moderate:1.00:0,combined_moderate:66539:combined_moderate:1.00,66539,combined_moderate,combined_moderate,1.0,1,0,175513,191513,10.9695625,11.9695625,False,f9a3807c3514c924
combined_moderate:66539:combined_moderate:2.00:0,combined_moderate:66539:combined_moderate:2.00,66539,combined_moderate,combined_moderate,2.0,1,0,11253,43253,0.7033125,2.7033125,False,f9a3807c3514c924
combined_moderate:66539:combined_moderate:3.00:0,combined_moderate:66539:combined_moderate:3.00,66539,combined_moderate,combined_moderate,3.0,1,0,404202,452202,25.262625,28.262625,False,f9a3807c3514c924
combined_moderate:66717:combined_moderate:1.00:0,combined_moderate:66717:combined_moderate:1.00,66717,combined_moderate,combined_moderate,1.0,1,0,71360,87360,4.46,5.46,False,f9a3807c3514c924
combined_moderate:66717:combined_moderate:2.00:0,combined_moderate:66717:combined_moderate:2.00,66717,combined_moderate,combined_moderate,2.0,1,0,30784,62784,1.924,3.924,False,f9a3807c3514c924
combined_moderate:66717:combined_moderate:3.00:0,combined_moderate:66717:combined_moderate:3.00,66717,combined_moderate,combined_moderate,3.0,1,0,30867,78867,1.9291875,4.9291875,False,f9a3807c3514c924
combined_moderate:67330:combined_moderate:1.00:0,combined_moderate:67330:combined_moderate:1.00,67330,combined_moderate,combined_moderate,1.0,1,0,111925,127925,6.9953125,7.9953125,False,f9a3807c3514c924
combined_moderate:67330:combined_moderate:2.00:0,combined_moderate:67330:combined_moderate:2.00,67330,combined_moderate,combined_moderate,2.0,1,0,349350,381350,21.834375,23.834375,False,f9a3807c3514c924
combined_moderate:67330:combined_moderate:3.00:0,combined_moderate:67330:combined_moderate:3.00,67330,combined_moderate,combined_moderate,3.0,1,0,144827,192827,9.0516875,12.0516875,False,f9a3807c3514c924
combined_moderate:67331:combined_moderate:1.00:0,combined_moderate:67331:combined_moderate:1.00,67331,combined_moderate,combined_moderate,1.0,1,0,14367,30367,0.8979375,1.8979375,False,f9a3807c3514c924
combined_moderate:67331:combined_moderate:2.00:0,combined_moderate:67331:combined_moderate:2.00,67331,combined_moderate,combined_moderate,2.0,1,0,174643,206643,10.9151875,12.9151875,False,f9a3807c3514c924
combined_moderate:67331:combined_moderate:3.00:0,combined_moderate:67331:combined_moderate:3.00,67331,combined_moderate,combined_moderate,3.0,1,0,63544,111544,3.9715,6.9715,False,f9a3807c3514c924
combined_moderate:67332:combined_moderate:1.00:0,combined_moderate:67332:combined_moderate:1.00,67332,combined_moderate,combined_moderate,1.0,1,0,460909,476909,28.8068125,29.8068125,False,f9a3807c3514c924
combined_moderate:67332:combined_moderate:2.00:0,combined_moderate:67332:combined_moderate:2.00,67332,combined_moderate,combined_moderate,2.0,1,0,367610,399610,22.975625,24.975625,False,f9a3807c3514c924
combined_moderate:67332:combined_moderate:3.00:0,combined_moderate:67332:combined_moderate:3.00,67332,combined_moderate,combined_moderate,3.0,1,0,394375,442375,24.6484375,27.6484375,False,f9a3807c3514c924
combined_moderate:67333:combined_moderate:1.00:0,combined_moderate:67333:combined_moderate:1.00,67333,combined_moderate,combined_moderate,1.0,1,0,395587,411587,24.7241875,25.7241875,False,f9a3807c3514c924
combined_moderate:67333:combined_moderate:2.00:0,combined_moderate:67333:combined_moderate:2.00,67333,combined_moderate,combined_moderate,2.0,1,0,426254,458254,26.640875,28.640875,False,f9a3807c3514c924
combined_moderate:67333:combined_moderate:3.00:0,combined_moderate:67333:combined_moderate:3.00,67333,combined_moderate,combined_moderate,3.0,1,0,260246,308246,16.265375,19.265375,False,f9a3807c3514c924
combined_moderate:67334:combined_moderate:1.00:0,combined_moderate:67334:combined_moderate:1.00,67334,combined_moderate,combined_moderate,1.0,1,0,106906,122906,6.681625,7.681625,False,f9a3807c3514c924
combined_moderate:67334:combined_moderate:2.00:0,combined_moderate:67334:combined_moderate:2.00,67334,combined_moderate,combined_moderate,2.0,1,0,143166,175166,8.947875,10.947875,False,f9a3807c3514c924
combined_moderate:67334:combined_moderate:3.00:0,combined_moderate:67334:combined_moderate:3.00,67334,combined_moderate,combined_moderate,3.0,1,0,86560,134560,5.41,8.41,False,f9a3807c3514c924
combined_moderate:67336:combined_moderate:1.00:0,combined_moderate:67336:combined_moderate:1.00,67336,combined_moderate,combined_moderate,1.0,1,0,321398,337398,20.087375,21.087375,False,f9a3807c3514c924
combined_moderate:67336:combined_moderate:2.00:0,combined_moderate:67336:combined_moderate:2.00,67336,combined_moderate,combined_moderate,2.0,1,0,84959,116959,5.3099375,7.3099375,False,f9a3807c3514c924
combined_moderate:67336:combined_moderate:3.00:0,combined_moderate:67336:combined_moderate:3.00,67336,combined_moderate,combined_moderate,3.0,1,0,31234,79234,1.952125,4.952125,False,f9a3807c3514c924
combined_moderate:67365:combined_moderate:1.00:0,combined_moderate:67365:combined_moderate:1.00,67365,combined_moderate,combined_moderate,1.0,1,0,69370,85370,4.335625,5.335625,False,f9a3807c3514c924
combined_moderate:67365:combined_moderate:2.00:0,combined_moderate:67365:combined_moderate:2.00,67365,combined_moderate,combined_moderate,2.0,1,0,380423,412423,23.7764375,25.7764375,False,f9a3807c3514c924
combined_moderate:67365:combined_moderate:3.00:0,combined_moderate:67365:combined_moderate:3.00,67365,combined_moderate,combined_moderate,3.0,1,0,14554,62554,0.909625,3.909625,False,f9a3807c3514c924
combined_moderate:67457:combined_moderate:1.00:0,combined_moderate:67457:combined_moderate:1.00,67457,combined_moderate,combined_moderate,1.0,1,0,127587,143587,7.9741875,8.9741875,False,f9a3807c3514c924
combined_moderate:67457:combined_moderate:2.00:0,combined_moderate:67457:combined_moderate:2.00,67457,combined_moderate,combined_moderate,2.0,1,0,177255,209255,11.0784375,13.0784375,False,f9a3807c3514c924
combined_moderate:67457:combined_moderate:3.00:0,combined_moderate:67457:combined_moderate:3.00,67457,combined_moderate,combined_moderate,3.0,1,0,51670,99670,3.229375,6.229375,False,f9a3807c3514c924
combined_moderate:68404:combined_moderate:1.00:0,combined_moderate:68404:combined_moderate:1.00,68404,combined_moderate,combined_moderate,1.0,1,0,338860,354860,21.17875,22.17875,False,f9a3807c3514c924
combined_moderate:68404:combined_moderate:2.00:0,combined_moderate:68404:combined_moderate:2.00,68404,combined_moderate,combined_moderate,2.0,1,0,410004,442004,25.62525,27.62525,False,f9a3807c3514c924
combined_moderate:68404:combined_moderate:3.00:0,combined_moderate:68404:combined_moderate:3.00,68404,combined_moderate,combined_moderate,3.0,1,0,332971,380971,20.8106875,23.8106875,False,f9a3807c3514c924
combined_moderate:68536:combined_moderate:1.00:0,combined_moderate:68536:combined_moderate:1.00,68536,combined_moderate,combined_moderate,1.0,1,0,175871,191871,10.9919375,11.9919375,False,f9a3807c3514c924
combined_moderate:68536:combined_moderate:2.00:0,combined_moderate:68536:combined_moderate:2.00,68536,combined_moderate,combined_moderate,2.0,1,0,295576,327576,18.4735,20.4735,False,f9a3807c3514c924
combined_moderate:68536:combined_moderate:3.00:0,combined_moderate:68536:combined_moderate:3.00,68536,combined_moderate,combined_moderate,3.0,1,0,421198,469198,26.324875,29.324875,False,f9a3807c3514c924
combined_moderate:68537:combined_moderate:1.00:0,combined_moderate:68537:combined_moderate:1.00,68537,combined_moderate,combined_moderate,1.0,1,0,376505,392505,23.5315625,24.5315625,False,f9a3807c3514c924
combined_moderate:68537:combined_moderate:2.00:0,combined_moderate:68537:combined_moderate:2.00,68537,combined_moderate,combined_moderate,2.0,1,0,400459,432459,25.0286875,27.0286875,False,f9a3807c3514c924
combined_moderate:68537:combined_moderate:3.00:0,combined_moderate:68537:combined_moderate:3.00,68537,combined_moderate,combined_moderate,3.0,1,0,305488,353488,19.093,22.093,False,f9a3807c3514c924
combined_moderate:68551:combined_moderate:1.00:0,combined_moderate:68551:combined_moderate:1.00,68551,combined_moderate,combined_moderate,1.0,1,0,1030,17030,0.064375,1.064375,False,f9a3807c3514c924
combined_moderate:68551:combined_moderate:2.00:0,combined_moderate:68551:combined_moderate:2.00,68551,combined_moderate,combined_moderate,2.0,1,0,336544,368544,21.034,23.034,False,f9a3807c3514c924
combined_moderate:68551:combined_moderate:3.00:0,combined_moderate:68551:combined_moderate:3.00,68551,combined_moderate,combined_moderate,3.0,1,0,416288,464288,26.018,29.018,False,f9a3807c3514c924
combined_moderate:68582:combined_moderate:1.00:0,combined_moderate:68582:combined_moderate:1.00,68582,combined_moderate,combined_moderate,1.0,1,0,9427,25427,0.5891875,1.5891875,False,f9a3807c3514c924
combined_moderate:68582:combined_moderate:2.00:0,combined_moderate:68582:combined_moderate:2.00,68582,combined_moderate,combined_moderate,2.0,1,0,289906,321906,18.119125,20.119125,False,f9a3807c3514c924
combined_moderate:68582:combined_moderate:3.00:0,combined_moderate:68582:combined_moderate:3.00,68582,combined_moderate,combined_moderate,3.0,1,0,265338,313338,16.583625,19.583625,False,f9a3807c3514c924
combined_moderate:68587:combined_moderate:1.00:0,combined_moderate:68587:combined_moderate:1.00,68587,combined_moderate,combined_moderate,1.0,1,0,352839,368839,22.0524375,23.0524375,False,f9a3807c3514c924
combined_moderate:68587:combined_moderate:2.00:0,combined_moderate:68587:combined_moderate:2.00,68587,combined_moderate,combined_moderate,2.0,1,0,306500,338500,19.15625,21.15625,False,f9a3807c3514c924
combined_moderate:68587:combined_moderate:3.00:0,combined_moderate:68587:combined_moderate:3.00,68587,combined_moderate,combined_moderate,3.0,1,0,369355,417355,23.0846875,26.0846875,False,f9a3807c3514c924
combined_moderate:68891:combined_moderate:1.00:0,combined_moderate:68891:combined_moderate:1.00,68891,combined_moderate,combined_moderate,1.0,1,0,378465,394465,23.6540625,24.6540625,False,f9a3807c3514c924
combined_moderate:68891:combined_moderate:2.00:0,combined_moderate:68891:combined_moderate:2.00,68891,combined_moderate,combined_moderate,2.0,1,0,150220,182220,9.38875,11.38875,False,f9a3807c3514c924
combined_moderate:68891:combined_moderate:3.00:0,combined_moderate:68891:combined_moderate:3.00,68891,combined_moderate,combined_moderate,3.0,1,0,388519,436519,24.2824375,27.2824375,False,f9a3807c3514c924
combined_moderate:68892:combined_moderate:1.00:0,combined_moderate:68892:combined_moderate:1.00,68892,combined_moderate,combined_moderate,1.0,1,0,39533,55533,2.4708125,3.4708125,False,f9a3807c3514c924
combined_moderate:68892:combined_moderate:2.00:0,combined_moderate:68892:combined_moderate:2.00,68892,combined_moderate,combined_moderate,2.0,1,0,425014,457014,26.563375,28.563375,False,f9a3807c3514c924
combined_moderate:68892:combined_moderate:3.00:0,combined_moderate:68892:combined_moderate:3.00,68892,combined_moderate,combined_moderate,3.0,1,0,20227,68227,1.2641875,4.2641875,False,f9a3807c3514c924
combined_moderate:68893:combined_moderate:1.00:0,combined_moderate:68893:combined_moderate:1.00,68893,combined_moderate,combined_moderate,1.0,1,0,390481,406481,24.4050625,25.4050625,False,f9a3807c3514c924
combined_moderate:68893:combined_moderate:2.00:0,combined_moderate:68893:combined_moderate:2.00,68893,combined_moderate,combined_moderate,2.0,1,0,168277,200277,10.5173125,12.5173125,False,f9a3807c3514c924
combined_moderate:68893:combined_moderate:3.00:0,combined_moderate:68893:combined_moderate:3.00,68893,combined_moderate,combined_moderate,3.0,1,0,320409,368409,20.0255625,23.0255625,False,f9a3807c3514c924
combined_moderate:68894:combined_moderate:1.00:0,combined_moderate:68894:combined_moderate:1.00,68894,combined_moderate,combined_moderate,1.0,1,0,48935,64935,3.0584375,4.0584375,False,f9a3807c3514c924
combined_moderate:68894:combined_moderate:2.00:0,combined_moderate:68894:combined_moderate:2.00,68894,combined_moderate,combined_moderate,2.0,1,0,167882,199882,10.492625,12.492625,False,f9a3807c3514c924
combined_moderate:68894:combined_moderate:3.00:0,combined_moderate:68894:combined_moderate:3.00,68894,combined_moderate,combined_moderate,3.0,1,0,88113,136113,5.5070625,8.5070625,False,f9a3807c3514c924
combined_moderate:68895:combined_moderate:1.00:0,combined_moderate:68895:combined_moderate:1.00,68895,combined_moderate,combined_moderate,1.0,1,0,359027,375027,22.4391875,23.4391875,False,f9a3807c3514c924
combined_moderate:68895:combined_moderate:2.00:0,combined_moderate:68895:combined_moderate:2.00,68895,combined_moderate,combined_moderate,2.0,1,0,404167,436167,25.2604375,27.2604375,False,f9a3807c3514c924
combined_moderate:68895:combined_moderate:3.00:0,combined_moderate:68895:combined_moderate:3.00,68895,combined_moderate,combined_moderate,3.0,1,0,17826,65826,1.114125,4.114125,False,f9a3807c3514c924
combined_moderate:68896:combined_moderate:1.00:0,combined_moderate:68896:combined_moderate:1.00,68896,combined_moderate,combined_moderate,1.0,1,0,104962,120962,6.560125,7.560125,False,f9a3807c3514c924
combined_moderate:68896:combined_moderate:2.00:0,combined_moderate:68896:combined_moderate:2.00,68896,combined_moderate,combined_moderate,2.0,1,0,360645,392645,22.5403125,24.5403125,False,f9a3807c3514c924
combined_moderate:68896:combined_moderate:3.00:0,combined_moderate:68896:combined_moderate:3.00,68896,combined_moderate,combined_moderate,3.0,1,0,127172,175172,7.94825,10.94825,False,f9a3807c3514c924
combined_moderate:68897:combined_moderate:1.00:0,combined_moderate:68897:combined_moderate:1.00,68897,combined_moderate,combined_moderate,1.0,1,0,146998,162998,9.187375,10.187375,False,f9a3807c3514c924
combined_moderate:68897:combined_moderate:2.00:0,combined_moderate:68897:combined_moderate:2.00,68897,combined_moderate,combined_moderate,2.0,1,0,276171,308171,17.2606875,19.2606875,False,f9a3807c3514c924
combined_moderate:68897:combined_moderate:3.00:0,combined_moderate:68897:combined_moderate:3.00,68897,combined_moderate,combined_moderate,3.0,1,0,59133,107133,3.6958125,6.6958125,False,f9a3807c3514c924
combined_moderate:68898:combined_moderate:1.00:0,combined_moderate:68898:combined_moderate:1.00,68898,combined_moderate,combined_moderate,1.0,1,0,128917,144917,8.0573125,9.0573125,False,f9a3807c3514c924
combined_moderate:68898:combined_moderate:2.00:0,combined_moderate:68898:combined_moderate:2.00,68898,combined_moderate,combined_moderate,2.0,1,0,162100,194100,10.13125,12.13125,False,f9a3807c3514c924
combined_moderate:68898:combined_moderate:3.00:0,combined_moderate:68898:combined_moderate:3.00,68898,combined_moderate,combined_moderate,3.0,1,0,28676,76676,1.79225,4.79225,False,f9a3807c3514c924
combined_moderate:68899:combined_moderate:1.00:0,combined_moderate:68899:combined_moderate:1.00,68899,combined_moderate,combined_moderate,1.0,1,0,360138,376138,22.508625,23.508625,False,f9a3807c3514c924
combined_moderate:68899:combined_moderate:2.00:0,combined_moderate:68899:combined_moderate:2.00,68899,combined_moderate,combined_moderate,2.0,1,0,301628,333628,18.85175,20.85175,False,f9a3807c3514c924
combined_moderate:68899:combined_moderate:3.00:0,combined_moderate:68899:combined_moderate:3.00,68899,combined_moderate,combined_moderate,3.0,1,0,319065,367065,19.9415625,22.9415625,False,f9a3807c3514c924
combined_moderate:69221:combined_moderate:1.00:0,combined_moderate:69221:combined_moderate:1.00,69221,combined_moderate,combined_moderate,1.0,1,0,108118,124118,6.757375,7.757375,False,f9a3807c3514c924
combined_moderate:69221:combined_moderate:2.00:0,combined_moderate:69221:combined_moderate:2.00,69221,combined_moderate,combined_moderate,2.0,1,0,403380,435380,25.21125,27.21125,False,f9a3807c3514c924
combined_moderate:69221:combined_moderate:3.00:0,combined_moderate:69221:combined_moderate:3.00,69221,combined_moderate,combined_moderate,3.0,1,0,151031,199031,9.4394375,12.4394375,False,f9a3807c3514c924
combined_moderate:69222:combined_moderate:1.00:0,combined_moderate:69222:combined_moderate:1.00,69222,combined_moderate,combined_moderate,1.0,1,0,149098,165098,9.318625,10.318625,False,f9a3807c3514c924
combined_moderate:69222:combined_moderate:2.00:0,combined_moderate:69222:combined_moderate:2.00,69222,combined_moderate,combined_moderate,2.0,1,0,23716,55716,1.48225,3.48225,False,f9a3807c3514c924
combined_moderate:69222:combined_moderate:3.00:0,combined_moderate:69222:combined_moderate:3.00,69222,combined_moderate,combined_moderate,3.0,1,0,50230,98230,3.139375,6.139375,False,f9a3807c3514c924
combined_moderate:69223:combined_moderate:1.00:0,combined_moderate:69223:combined_moderate:1.00,69223,combined_moderate,combined_moderate,1.0,1,0,371050,387050,23.190625,24.190625,False,f9a3807c3514c924
combined_moderate:69223:combined_moderate:2.00:0,combined_moderate:69223:combined_moderate:2.00,69223,combined_moderate,combined_moderate,2.0,1,0,377484,409484,23.59275,25.59275,False,f9a3807c3514c924
combined_moderate:69223:combined_moderate:3.00:0,combined_moderate:69223:combined_moderate:3.00,69223,combined_moderate,combined_moderate,3.0,1,0,352640,400640,22.04,25.04,False,f9a3807c3514c924
combined_moderate:69303:combined_moderate:1.00:0,combined_moderate:69303:combined_moderate:1.00,69303,combined_moderate,combined_moderate,1.0,1,0,51950,67950,3.246875,4.246875,False,f9a3807c3514c924
combined_moderate:69303:combined_moderate:2.00:0,combined_moderate:69303:combined_moderate:2.00,69303,combined_moderate,combined_moderate,2.0,1,0,299108,331108,18.69425,20.69425,False,f9a3807c3514c924
combined_moderate:69303:combined_moderate:3.00:0,combined_moderate:69303:combined_moderate:3.00,69303,combined_moderate,combined_moderate,3.0,1,0,162494,210494,10.155875,13.155875,False,f9a3807c3514c924
combined_moderate:71371:combined_moderate:1.00:0,combined_moderate:71371:combined_moderate:1.00,71371,combined_moderate,combined_moderate,1.0,1,0,138747,154747,8.6716875,9.6716875,False,f9a3807c3514c924
combined_moderate:71371:combined_moderate:2.00:0,combined_moderate:71371:combined_moderate:2.00,71371,combined_moderate,combined_moderate,2.0,1,0,44589,76589,2.7868125,4.7868125,False,f9a3807c3514c924
combined_moderate:71371:combined_moderate:3.00:0,combined_moderate:71371:combined_moderate:3.00,71371,combined_moderate,combined_moderate,3.0,1,0,20022,68022,1.251375,4.251375,False,f9a3807c3514c924
combined_moderate:71372:combined_moderate:1.00:0,combined_moderate:71372:combined_moderate:1.00,71372,combined_moderate,combined_moderate,1.0,1,0,344496,360496,21.531,22.531,False,f9a3807c3514c924
combined_moderate:71372:combined_moderate:2.00:0,combined_moderate:71372:combined_moderate:2.00,71372,combined_moderate,combined_moderate,2.0,1,0,383295,415295,23.9559375,25.9559375,False,f9a3807c3514c924
combined_moderate:71372:combined_moderate:3.00:0,combined_moderate:71372:combined_moderate:3.00,71372,combined_moderate,combined_moderate,3.0,1,0,423104,471104,26.444,29.444,False,f9a3807c3514c924
combined_moderate:71420:combined_moderate:1.00:0,combined_moderate:71420:combined_moderate:1.00,71420,combined_moderate,combined_moderate,1.0,1,0,79264,95264,4.954,5.954,False,f9a3807c3514c924
combined_moderate:71420:combined_moderate:2.00:0,combined_moderate:71420:combined_moderate:2.00,71420,combined_moderate,combined_moderate,2.0,1,0,426277,458277,26.6423125,28.6423125,False,f9a3807c3514c924
combined_moderate:71420:combined_moderate:3.00:0,combined_moderate:71420:combined_moderate:3.00,71420,combined_moderate,combined_moderate,3.0,1,0,115829,163829,7.2393125,10.2393125,False,f9a3807c3514c924
combined_moderate:71503:combined_moderate:1.00:0,combined_moderate:71503:combined_moderate:1.00,71503,combined_moderate,combined_moderate,1.0,1,0,142710,158710,8.919375,9.919375,False,f9a3807c3514c924
combined_moderate:71503:combined_moderate:2.00:0,combined_moderate:71503:combined_moderate:2.00,71503,combined_moderate,combined_moderate,2.0,1,0,170784,202784,10.674,12.674,False,f9a3807c3514c924
combined_moderate:71503:combined_moderate:3.00:0,combined_moderate:71503:combined_moderate:3.00,71503,combined_moderate,combined_moderate,3.0,1,0,267020,315020,16.68875,19.68875,False,f9a3807c3514c924
combined_moderate:71711:combined_moderate:1.00:0,combined_moderate:71711:combined_moderate:1.00,71711,combined_moderate,combined_moderate,1.0,1,0,56392,72392,3.5245,4.5245,False,f9a3807c3514c924
combined_moderate:71711:combined_moderate:2.00:0,combined_moderate:71711:combined_moderate:2.00,71711,combined_moderate,combined_moderate,2.0,1,0,70095,102095,4.3809375,6.3809375,False,f9a3807c3514c924
combined_moderate:71711:combined_moderate:3.00:0,combined_moderate:71711:combined_moderate:3.00,71711,combined_moderate,combined_moderate,3.0,1,0,341748,389748,21.35925,24.35925,False,f9a3807c3514c924
combined_moderate:73494:combined_moderate:1.00:0,combined_moderate:73494:combined_moderate:1.00,73494,combined_moderate,combined_moderate,1.0,1,0,416250,432250,26.015625,27.015625,False,f9a3807c3514c924
combined_moderate:73494:combined_moderate:2.00:0,combined_moderate:73494:combined_moderate:2.00,73494,combined_moderate,combined_moderate,2.0,1,0,176740,208740,11.04625,13.04625,False,f9a3807c3514c924
combined_moderate:73494:combined_moderate:3.00:0,combined_moderate:73494:combined_moderate:3.00,73494,combined_moderate,combined_moderate,3.0,1,0,112374,160374,7.023375,10.023375,False,f9a3807c3514c924
combined_moderate:73519:combined_moderate:1.00:0,combined_moderate:73519:combined_moderate:1.00,73519,combined_moderate,combined_moderate,1.0,1,0,421581,437581,26.3488125,27.3488125,False,f9a3807c3514c924
combined_moderate:73519:combined_moderate:2.00:0,combined_moderate:73519:combined_moderate:2.00,73519,combined_moderate,combined_moderate,2.0,1,0,60979,92979,3.8111875,5.8111875,False,f9a3807c3514c924
combined_moderate:73519:combined_moderate:3.00:0,combined_moderate:73519:combined_moderate:3.00,73519,combined_moderate,combined_moderate,3.0,1,0,105480,153480,6.5925,9.5925,False,f9a3807c3514c924
combined_moderate:73520:combined_moderate:1.00:0,combined_moderate:73520:combined_moderate:1.00,73520,combined_moderate,combined_moderate,1.0,1,0,443173,459173,27.6983125,28.6983125,False,f9a3807c3514c924
combined_moderate:73520:combined_moderate:2.00:0,combined_moderate:73520:combined_moderate:2.00,73520,combined_moderate,combined_moderate,2.0,1,0,384380,416380,24.02375,26.02375,False,f9a3807c3514c924
combined_moderate:73520:combined_moderate:3.00:0,combined_moderate:73520:combined_moderate:3.00,73520,combined_moderate,combined_moderate,3.0,1,0,384378,432378,24.023625,27.023625,False,f9a3807c3514c924
combined_moderate:73521:combined_moderate:1.00:0,combined_moderate:73521:combined_moderate:1.00,73521,combined_moderate,combined_moderate,1.0,1,0,363645,379645,22.7278125,23.7278125,False,f9a3807c3514c924
combined_moderate:73521:combined_moderate:2.00:0,combined_moderate:73521:combined_moderate:2.00,73521,combined_moderate,combined_moderate,2.0,1,0,67594,99594,4.224625,6.224625,False,f9a3807c3514c924
combined_moderate:73521:combined_moderate:3.00:0,combined_moderate:73521:combined_moderate:3.00,73521,combined_moderate,combined_moderate,3.0,1,0,129385,177385,8.0865625,11.0865625,False,f9a3807c3514c924
combined_moderate:73522:combined_moderate:1.00:0,combined_moderate:73522:combined_moderate:1.00,73522,combined_moderate,combined_moderate,1.0,1,0,415804,431804,25.98775,26.98775,False,f9a3807c3514c924
combined_moderate:73522:combined_moderate:2.00:0,combined_moderate:73522:combined_moderate:2.00,73522,combined_moderate,combined_moderate,2.0,1,0,18772,50772,1.17325,3.17325,False,f9a3807c3514c924
combined_moderate:73522:combined_moderate:3.00:0,combined_moderate:73522:combined_moderate:3.00,73522,combined_moderate,combined_moderate,3.0,1,0,267300,315300,16.70625,19.70625,False,f9a3807c3514c924
combined_moderate:73776:combined_moderate:1.00:0,combined_moderate:73776:combined_moderate:1.00,73776,combined_moderate,combined_moderate,1.0,1,0,37985,53985,2.3740625,3.3740625,False,f9a3807c3514c924
combined_moderate:73776:combined_moderate:2.00:0,combined_moderate:73776:combined_moderate:2.00,73776,combined_moderate,combined_moderate,2.0,1,0,106018,138018,6.626125,8.626125,False,f9a3807c3514c924
combined_moderate:73776:combined_moderate:3.00:0,combined_moderate:73776:combined_moderate:3.00,73776,combined_moderate,combined_moderate,3.0,1,0,165236,213236,10.32725,13.32725,False,f9a3807c3514c924
combined_moderate:73777:combined_moderate:1.00:0,combined_moderate:73777:combined_moderate:1.00,73777,combined_moderate,combined_moderate,1.0,1,0,40205,56205,2.5128125,3.5128125,False,f9a3807c3514c924
combined_moderate:73777:combined_moderate:2.00:0,combined_moderate:73777:combined_moderate:2.00,73777,combined_moderate,combined_moderate,2.0,1,0,145893,177893,9.1183125,11.1183125,False,f9a3807c3514c924
combined_moderate:73777:combined_moderate:3.00:0,combined_moderate:73777:combined_moderate:3.00,73777,combined_moderate,combined_moderate,3.0,1,0,125675,173675,7.8546875,10.8546875,False,f9a3807c3514c924
combined_moderate:73779:combined_moderate:1.00:0,combined_moderate:73779:combined_moderate:1.00,73779,combined_moderate,combined_moderate,1.0,1,0,323389,339389,20.2118125,21.2118125,False,f9a3807c3514c924
combined_moderate:73779:combined_moderate:2.00:0,combined_moderate:73779:combined_moderate:2.00,73779,combined_moderate,combined_moderate,2.0,1,0,305486,337486,19.092875,21.092875,False,f9a3807c3514c924
combined_moderate:73779:combined_moderate:3.00:0,combined_moderate:73779:combined_moderate:3.00,73779,combined_moderate,combined_moderate,3.0,1,0,96376,144376,6.0235,9.0235,False,f9a3807c3514c924
combined_moderate:74002:combined_moderate:1.00:0,combined_moderate:74002:combined_moderate:1.00,74002,combined_moderate,combined_moderate,1.0,1,0,175408,191408,10.963,11.963,False,f9a3807c3514c924
combined_moderate:74002:combined_moderate:2.00:0,combined_moderate:74002:combined_moderate:2.00,74002,combined_moderate,combined_moderate,2.0,1,0,380491,412491,23.7806875,25.7806875,False,f9a3807c3514c924
combined_moderate:74002:combined_moderate:3.00:0,combined_moderate:74002:combined_moderate:3.00,74002,combined_moderate,combined_moderate,3.0,1,0,378680,426680,23.6675,26.6675,False,f9a3807c3514c924
combined_moderate:74374:combined_moderate:1.00:0,combined_moderate:74374:combined_moderate:1.00,74374,combined_moderate,combined_moderate,1.0,1,0,384574,400574,24.035875,25.035875,False,f9a3807c3514c924
combined_moderate:74374:combined_moderate:2.00:0,combined_moderate:74374:combined_moderate:2.00,74374,combined_moderate,combined_moderate,2.0,1,0,94024,126024,5.8765,7.8765,False,f9a3807c3514c924
combined_moderate:74374:combined_moderate:3.00:0,combined_moderate:74374:combined_moderate:3.00,74374,combined_moderate,combined_moderate,3.0,1,0,10874,58874,0.679625,3.679625,False,f9a3807c3514c924
combined_moderate:74393:combined_moderate:1.00:0,combined_moderate:74393:combined_moderate:1.00,74393,combined_moderate,combined_moderate,1.0,1,0,59162,75162,3.697625,4.697625,False,f9a3807c3514c924
combined_moderate:74393:combined_moderate:2.00:0,combined_moderate:74393:combined_moderate:2.00,74393,combined_moderate,combined_moderate,2.0,1,0,410821,442821,25.6763125,27.6763125,False,f9a3807c3514c924
combined_moderate:74393:combined_moderate:3.00:0,combined_moderate:74393:combined_moderate:3.00,74393,combined_moderate,combined_moderate,3.0,1,0,301960,349960,18.8725,21.8725,False,f9a3807c3514c924
combined_moderate:76128:combined_moderate:1.00:0,combined_moderate:76128:combined_moderate:1.00,76128,combined_moderate,combined_moderate,1.0,1,0,336849,352849,21.0530625,22.0530625,False,f9a3807c3514c924
combined_moderate:76128:combined_moderate:2.00:0,combined_moderate:76128:combined_moderate:2.00,76128,combined_moderate,combined_moderate,2.0,1,0,333704,365704,20.8565,22.8565,False,f9a3807c3514c924
combined_moderate:76128:combined_moderate:3.00:0,combined_moderate:76128:combined_moderate:3.00,76128,combined_moderate,combined_moderate,3.0,1,0,68739,116739,4.2961875,7.2961875,False,f9a3807c3514c924
combined_moderate:76129:combined_moderate:1.00:0,combined_moderate:76129:combined_moderate:1.00,76129,combined_moderate,combined_moderate,1.0,1,0,52049,68049,3.2530625,4.2530625,False,f9a3807c3514c924
combined_moderate:76129:combined_moderate:2.00:0,combined_moderate:76129:combined_moderate:2.00,76129,combined_moderate,combined_moderate,2.0,1,0,139378,171378,8.711125,10.711125,False,f9a3807c3514c924
combined_moderate:76129:combined_moderate:3.00:0,combined_moderate:76129:combined_moderate:3.00,76129,combined_moderate,combined_moderate,3.0,1,0,423283,471283,26.4551875,29.4551875,False,f9a3807c3514c924
combined_moderate:76130:combined_moderate:1.00:0,combined_moderate:76130:combined_moderate:1.00,76130,combined_moderate,combined_moderate,1.0,1,0,305730,321730,19.108125,20.108125,False,f9a3807c3514c924
combined_moderate:76130:combined_moderate:2.00:0,combined_moderate:76130:combined_moderate:2.00,76130,combined_moderate,combined_moderate,2.0,1,0,422565,454565,26.4103125,28.4103125,False,f9a3807c3514c924
combined_moderate:76130:combined_moderate:3.00:0,combined_moderate:76130:combined_moderate:3.00,76130,combined_moderate,combined_moderate,3.0,1,0,409624,457624,25.6015,28.6015,False,f9a3807c3514c924
combined_moderate:76131:combined_moderate:1.00:0,combined_moderate:76131:combined_moderate:1.00,76131,combined_moderate,combined_moderate,1.0,1,0,179949,195949,11.2468125,12.2468125,False,f9a3807c3514c924
combined_moderate:76131:combined_moderate:2.00:0,combined_moderate:76131:combined_moderate:2.00,76131,combined_moderate,combined_moderate,2.0,1,0,386734,418734,24.170875,26.170875,False,f9a3807c3514c924
combined_moderate:76131:combined_moderate:3.00:0,combined_moderate:76131:combined_moderate:3.00,76131,combined_moderate,combined_moderate,3.0,1,0,394056,442056,24.6285,27.6285,False,f9a3807c3514c924
combined_moderate:76363:combined_moderate:1.00:0,combined_moderate:76363:combined_moderate:1.00,76363,combined_moderate,combined_moderate,1.0,1,0,387887,403887,24.2429375,25.2429375,False,f9a3807c3514c924
combined_moderate:76363:combined_moderate:2.00:0,combined_moderate:76363:combined_moderate:2.00,76363,combined_moderate,combined_moderate,2.0,1,0,423719,455719,26.4824375,28.4824375,False,f9a3807c3514c924
combined_moderate:76363:combined_moderate:3.00:0,combined_moderate:76363:combined_moderate:3.00,76363,combined_moderate,combined_moderate,3.0,1,0,131579,179579,8.2236875,11.2236875,False,f9a3807c3514c924
combined_moderate:81071:combined_moderate:1.00:0,combined_moderate:81071:combined_moderate:1.00,81071,combined_moderate,combined_moderate,1.0,1,0,180355,196355,11.2721875,12.2721875,False,f9a3807c3514c924
combined_moderate:81071:combined_moderate:2.00:0,combined_moderate:81071:combined_moderate:2.00,81071,combined_moderate,combined_moderate,2.0,1,0,47882,79882,2.992625,4.992625,False,f9a3807c3514c924
combined_moderate:81071:combined_moderate:3.00:0,combined_moderate:81071:combined_moderate:3.00,81071,combined_moderate,combined_moderate,3.0,1,0,19852,67852,1.24075,4.24075,False,f9a3807c3514c924
combined_moderate:82462:combined_moderate:1.00:0,combined_moderate:82462:combined_moderate:1.00,82462,combined_moderate,combined_moderate,1.0,1,0,437411,453411,27.3381875,28.3381875,False,f9a3807c3514c924
combined_moderate:82462:combined_moderate:2.00:0,combined_moderate:82462:combined_moderate:2.00,82462,combined_moderate,combined_moderate,2.0,1,0,120359,152359,7.5224375,9.5224375,False,f9a3807c3514c924
combined_moderate:82462:combined_moderate:3.00:0,combined_moderate:82462:combined_moderate:3.00,82462,combined_moderate,combined_moderate,3.0,1,0,54193,102193,3.3870625,6.3870625,False,f9a3807c3514c924
combined_moderate:82464:combined_moderate:1.00:0,combined_moderate:82464:combined_moderate:1.00,82464,combined_moderate,combined_moderate,1.0,1,0,84590,100590,5.286875,6.286875,False,f9a3807c3514c924
combined_moderate:82464:combined_moderate:2.00:0,combined_moderate:82464:combined_moderate:2.00,82464,combined_moderate,combined_moderate,2.0,1,0,150899,182899,9.4311875,11.4311875,False,f9a3807c3514c924
combined_moderate:82464:combined_moderate:3.00:0,combined_moderate:82464:combined_moderate:3.00,82464,combined_moderate,combined_moderate,3.0,1,0,127910,175910,7.994375,10.994375,False,f9a3807c3514c924
combined_moderate:82778:combined_moderate:1.00:0,combined_moderate:82778:combined_moderate:1.00,82778,combined_moderate,combined_moderate,1.0,1,0,154776,170776,9.6735,10.6735,False,f9a3807c3514c924
combined_moderate:82778:combined_moderate:2.00:0,combined_moderate:82778:combined_moderate:2.00,82778,combined_moderate,combined_moderate,2.0,1,0,289871,321871,18.1169375,20.1169375,False,f9a3807c3514c924
combined_moderate:82778:combined_moderate:3.00:0,combined_moderate:82778:combined_moderate:3.00,82778,combined_moderate,combined_moderate,3.0,1,0,431705,479705,26.9815625,29.9815625,False,f9a3807c3514c924
combined_moderate:82780:combined_moderate:1.00:0,combined_moderate:82780:combined_moderate:1.00,82780,combined_moderate,combined_moderate,1.0,1,0,126673,142673,7.9170625,8.9170625,False,f9a3807c3514c924
combined_moderate:82780:combined_moderate:2.00:0,combined_moderate:82780:combined_moderate:2.00,82780,combined_moderate,combined_moderate,2.0,1,0,101104,133104,6.319,8.319,False,f9a3807c3514c924
combined_moderate:82780:combined_moderate:3.00:0,combined_moderate:82780:combined_moderate:3.00,82780,combined_moderate,combined_moderate,3.0,1,0,11925,59925,0.7453125,3.7453125,False,f9a3807c3514c924
combined_moderate:83898:combined_moderate:1.00:0,combined_moderate:83898:combined_moderate:1.00,83898,combined_moderate,combined_moderate,1.0,1,0,424545,440545,26.5340625,27.5340625,False,f9a3807c3514c924
combined_moderate:83898:combined_moderate:2.00:0,combined_moderate:83898:combined_moderate:2.00,83898,combined_moderate,combined_moderate,2.0,1,0,76704,108704,4.794,6.794,False,f9a3807c3514c924
combined_moderate:83898:combined_moderate:3.00:0,combined_moderate:83898:combined_moderate:3.00,83898,combined_moderate,combined_moderate,3.0,1,0,126302,174302,7.893875,10.893875,False,f9a3807c3514c924
combined_moderate:83906:combined_moderate:1.00:0,combined_moderate:83906:combined_moderate:1.00,83906,combined_moderate,combined_moderate,1.0,1,0,365225,381225,22.8265625,23.8265625,False,f9a3807c3514c924
combined_moderate:83906:combined_moderate:2.00:0,combined_moderate:83906:combined_moderate:2.00,83906,combined_moderate,combined_moderate,2.0,1,0,64234,96234,4.014625,6.014625,False,f9a3807c3514c924
combined_moderate:83906:combined_moderate:3.00:0,combined_moderate:83906:combined_moderate:3.00,83906,combined_moderate,combined_moderate,3.0,1,0,277814,325814,17.363375,20.363375,False,f9a3807c3514c924
combined_moderate:84057:combined_moderate:1.00:0,combined_moderate:84057:combined_moderate:1.00,84057,combined_moderate,combined_moderate,1.0,1,0,45001,61001,2.8125625,3.8125625,False,f9a3807c3514c924
combined_moderate:84057:combined_moderate:2.00:0,combined_moderate:84057:combined_moderate:2.00,84057,combined_moderate,combined_moderate,2.0,1,0,341960,373960,21.3725,23.3725,False,f9a3807c3514c924
combined_moderate:84057:combined_moderate:3.00:0,combined_moderate:84057:combined_moderate:3.00,84057,combined_moderate,combined_moderate,3.0,1,0,303768,351768,18.9855,21.9855,False,f9a3807c3514c924
combined_moderate:84091:combined_moderate:1.00:0,combined_moderate:84091:combined_moderate:1.00,84091,combined_moderate,combined_moderate,1.0,1,0,460138,476138,28.758625,29.758625,False,f9a3807c3514c924
combined_moderate:84091:combined_moderate:2.00:0,combined_moderate:84091:combined_moderate:2.00,84091,combined_moderate,combined_moderate,2.0,1,0,433088,465088,27.068,29.068,False,f9a3807c3514c924
combined_moderate:84091:combined_moderate:3.00:0,combined_moderate:84091:combined_moderate:3.00,84091,combined_moderate,combined_moderate,3.0,1,0,278002,326002,17.375125,20.375125,False,f9a3807c3514c924
combined_moderate:84152:combined_moderate:1.00:0,combined_moderate:84152:combined_moderate:1.00,84152,combined_moderate,combined_moderate,1.0,1,0,48603,64603,3.0376875,4.0376875,False,f9a3807c3514c924
combined_moderate:84152:combined_moderate:2.00:0,combined_moderate:84152:combined_moderate:2.00,84152,combined_moderate,combined_moderate,2.0,1,0,286802,318802,17.925125,19.925125,False,f9a3807c3514c924
combined_moderate:84152:combined_moderate:3.00:0,combined_moderate:84152:combined_moderate:3.00,84152,combined_moderate,combined_moderate,3.0,1,0,277608,325608,17.3505,20.3505,False,f9a3807c3514c924
combined_moderate:84736:combined_moderate:1.00:0,combined_moderate:84736:combined_moderate:1.00,84736,combined_moderate,combined_moderate,1.0,1,0,159760,175760,9.985,10.985,False,f9a3807c3514c924
combined_moderate:84736:combined_moderate:2.00:0,combined_moderate:84736:combined_moderate:2.00,84736,combined_moderate,combined_moderate,2.0,1,0,366478,398478,22.904875,24.904875,False,f9a3807c3514c924
combined_moderate:84736:combined_moderate:3.00:0,combined_moderate:84736:combined_moderate:3.00,84736,combined_moderate,combined_moderate,3.0,1,0,270114,318114,16.882125,19.882125,False,f9a3807c3514c924
combined_moderate:84777:combined_moderate:1.00:0,combined_moderate:84777:combined_moderate:1.00,84777,combined_moderate,combined_moderate,1.0,1,0,325199,341199,20.3249375,21.3249375,False,f9a3807c3514c924
combined_moderate:84777:combined_moderate:2.00:0,combined_moderate:84777:combined_moderate:2.00,84777,combined_moderate,combined_moderate,2.0,1,0,30206,62206,1.887875,3.887875,False,f9a3807c3514c924
combined_moderate:84777:combined_moderate:3.00:0,combined_moderate:84777:combined_moderate:3.00,84777,combined_moderate,combined_moderate,3.0,1,0,369328,417328,23.083,26.083,False,f9a3807c3514c924
combined_moderate:85307:combined_moderate:1.00:0,combined_moderate:85307:combined_moderate:1.00,85307,combined_moderate,combined_moderate,1.0,1,0,441504,457504,27.594,28.594,False,f9a3807c3514c924
combined_moderate:85307:combined_moderate:2.00:0,combined_moderate:85307:combined_moderate:2.00,85307,combined_moderate,combined_moderate,2.0,1,0,134851,166851,8.4281875,10.4281875,False,f9a3807c3514c924
combined_moderate:85307:combined_moderate:3.00:0,combined_moderate:85307:combined_moderate:3.00,85307,combined_moderate,combined_moderate,3.0,1,0,287997,335997,17.9998125,20.9998125,False,f9a3807c3514c924
combined_moderate:85308:combined_moderate:1.00:0,combined_moderate:85308:combined_moderate:1.00,85308,combined_moderate,combined_moderate,1.0,1,0,184612,200612,11.53825,12.53825,False,f9a3807c3514c924
combined_moderate:85308:combined_moderate:2.00:0,combined_moderate:85308:combined_moderate:2.00,85308,combined_moderate,combined_moderate,2.0,1,0,344009,376009,21.5005625,23.5005625,False,f9a3807c3514c924
combined_moderate:85308:combined_moderate:3.00:0,combined_moderate:85308:combined_moderate:3.00,85308,combined_moderate,combined_moderate,3.0,1,0,115812,163812,7.23825,10.23825,False,f9a3807c3514c924
combined_moderate:85309:combined_moderate:1.00:0,combined_moderate:85309:combined_moderate:1.00,85309,combined_moderate,combined_moderate,1.0,1,0,175082,191082,10.942625,11.942625,False,f9a3807c3514c924
combined_moderate:85309:combined_moderate:2.00:0,combined_moderate:85309:combined_moderate:2.00,85309,combined_moderate,combined_moderate,2.0,1,0,268906,300906,16.806625,18.806625,False,f9a3807c3514c924
combined_moderate:85309:combined_moderate:3.00:0,combined_moderate:85309:combined_moderate:3.00,85309,combined_moderate,combined_moderate,3.0,1,0,262535,310535,16.4084375,19.4084375,False,f9a3807c3514c924
combined_moderate:85310:combined_moderate:1.00:0,combined_moderate:85310:combined_moderate:1.00,85310,combined_moderate,combined_moderate,1.0,1,0,288149,304149,18.0093125,19.0093125,False,f9a3807c3514c924
combined_moderate:85310:combined_moderate:2.00:0,combined_moderate:85310:combined_moderate:2.00,85310,combined_moderate,combined_moderate,2.0,1,0,362963,394963,22.6851875,24.6851875,False,f9a3807c3514c924
combined_moderate:85310:combined_moderate:3.00:0,combined_moderate:85310:combined_moderate:3.00,85310,combined_moderate,combined_moderate,3.0,1,0,424147,472147,26.5091875,29.5091875,False,f9a3807c3514c924
combined_moderate:85311:combined_moderate:1.00:0,combined_moderate:85311:combined_moderate:1.00,85311,combined_moderate,combined_moderate,1.0,1,0,143919,159919,8.9949375,9.9949375,False,f9a3807c3514c924
combined_moderate:85311:combined_moderate:2.00:0,combined_moderate:85311:combined_moderate:2.00,85311,combined_moderate,combined_moderate,2.0,1,0,414338,446338,25.896125,27.896125,False,f9a3807c3514c924
combined_moderate:85311:combined_moderate:3.00:0,combined_moderate:85311:combined_moderate:3.00,85311,combined_moderate,combined_moderate,3.0,1,0,411014,459014,25.688375,28.688375,False,f9a3807c3514c924
combined_moderate:85592:combined_moderate:1.00:0,combined_moderate:85592:combined_moderate:1.00,85592,combined_moderate,combined_moderate,1.0,1,0,446544,462544,27.909,28.909,False,f9a3807c3514c924
combined_moderate:85592:combined_moderate:2.00:0,combined_moderate:85592:combined_moderate:2.00,85592,combined_moderate,combined_moderate,2.0,1,0,422465,454465,26.4040625,28.4040625,False,f9a3807c3514c924
combined_moderate:85592:combined_moderate:3.00:0,combined_moderate:85592:combined_moderate:3.00,85592,combined_moderate,combined_moderate,3.0,1,0,324505,372505,20.2815625,23.2815625,False,f9a3807c3514c924
combined_moderate:85593:combined_moderate:1.00:0,combined_moderate:85593:combined_moderate:1.00,85593,combined_moderate,combined_moderate,1.0,1,0,424634,440634,26.539625,27.539625,False,f9a3807c3514c924
combined_moderate:85593:combined_moderate:2.00:0,combined_moderate:85593:combined_moderate:2.00,85593,combined_moderate,combined_moderate,2.0,1,0,304356,336356,19.02225,21.02225,False,f9a3807c3514c924
combined_moderate:85593:combined_moderate:3.00:0,combined_moderate:85593:combined_moderate:3.00,85593,combined_moderate,combined_moderate,3.0,1,0,83856,131856,5.241,8.241,False,f9a3807c3514c924
combined_moderate:85594:combined_moderate:1.00:0,combined_moderate:85594:combined_moderate:1.00,85594,combined_moderate,combined_moderate,1.0,1,0,184173,200173,11.5108125,12.5108125,False,f9a3807c3514c924
combined_moderate:85594:combined_moderate:2.00:0,combined_moderate:85594:combined_moderate:2.00,85594,combined_moderate,combined_moderate,2.0,1,0,289334,321334,18.083375,20.083375,False,f9a3807c3514c924
combined_moderate:85594:combined_moderate:3.00:0,combined_moderate:85594:combined_moderate:3.00,85594,combined_moderate,combined_moderate,3.0,1,0,379607,427607,23.7254375,26.7254375,False,f9a3807c3514c924
combined_moderate:85595:combined_moderate:1.00:0,combined_moderate:85595:combined_moderate:1.00,85595,combined_moderate,combined_moderate,1.0,1,0,178207,194207,11.1379375,12.1379375,False,f9a3807c3514c924
combined_moderate:85595:combined_moderate:2.00:0,combined_moderate:85595:combined_moderate:2.00,85595,combined_moderate,combined_moderate,2.0,1,0,53614,85614,3.350875,5.350875,False,f9a3807c3514c924
combined_moderate:85595:combined_moderate:3.00:0,combined_moderate:85595:combined_moderate:3.00,85595,combined_moderate,combined_moderate,3.0,1,0,410480,458480,25.655,28.655,False,f9a3807c3514c924
combined_moderate:85596:combined_moderate:1.00:0,combined_moderate:85596:combined_moderate:1.00,85596,combined_moderate,combined_moderate,1.0,1,0,85712,101712,5.357,6.357,False,f9a3807c3514c924
combined_moderate:85596:combined_moderate:2.00:0,combined_moderate:85596:combined_moderate:2.00,85596,combined_moderate,combined_moderate,2.0,1,0,140520,172520,8.7825,10.7825,False,f9a3807c3514c924
combined_moderate:85596:combined_moderate:3.00:0,combined_moderate:85596:combined_moderate:3.00,85596,combined_moderate,combined_moderate,3.0,1,0,391109,439109,24.4443125,27.4443125,False,f9a3807c3514c924
combined_moderate:85598:combined_moderate:1.00:0,combined_moderate:85598:combined_moderate:1.00,85598,combined_moderate,combined_moderate,1.0,1,0,93112,109112,5.8195,6.8195,False,f9a3807c3514c924
combined_moderate:85598:combined_moderate:2.00:0,combined_moderate:85598:combined_moderate:2.00,85598,combined_moderate,combined_moderate,2.0,1,0,95220,127220,5.95125,7.95125,False,f9a3807c3514c924
combined_moderate:85598:combined_moderate:3.00:0,combined_moderate:85598:combined_moderate:3.00,85598,combined_moderate,combined_moderate,3.0,1,0,272048,320048,17.003,20.003,False,f9a3807c3514c924
combined_moderate:85599:combined_moderate:1.00:0,combined_moderate:85599:combined_moderate:1.00,85599,combined_moderate,combined_moderate,1.0,1,0,78829,94829,4.9268125,5.9268125,False,f9a3807c3514c924
combined_moderate:85599:combined_moderate:2.00:0,combined_moderate:85599:combined_moderate:2.00,85599,combined_moderate,combined_moderate,2.0,1,0,296801,328801,18.5500625,20.5500625,False,f9a3807c3514c924
combined_moderate:85599:combined_moderate:3.00:0,combined_moderate:85599:combined_moderate:3.00,85599,combined_moderate,combined_moderate,3.0,1,0,58720,106720,3.67,6.67,False,f9a3807c3514c924
combined_moderate:85600:combined_moderate:1.00:0,combined_moderate:85600:combined_moderate:1.00,85600,combined_moderate,combined_moderate,1.0,1,0,92027,108027,5.7516875,6.7516875,False,f9a3807c3514c924
combined_moderate:85600:combined_moderate:2.00:0,combined_moderate:85600:combined_moderate:2.00,85600,combined_moderate,combined_moderate,2.0,1,0,405672,437672,25.3545,27.3545,False,f9a3807c3514c924
combined_moderate:85600:combined_moderate:3.00:0,combined_moderate:85600:combined_moderate:3.00,85600,combined_moderate,combined_moderate,3.0,1,0,269888,317888,16.868,19.868,False,f9a3807c3514c924
combined_moderate:86037:combined_moderate:1.00:0,combined_moderate:86037:combined_moderate:1.00,86037,combined_moderate,combined_moderate,1.0,1,0,26441,42441,1.6525625,2.6525625,False,f9a3807c3514c924
combined_moderate:86037:combined_moderate:2.00:0,combined_moderate:86037:combined_moderate:2.00,86037,combined_moderate,combined_moderate,2.0,1,0,86514,118514,5.407125,7.407125,False,f9a3807c3514c924
combined_moderate:86037:combined_moderate:3.00:0,combined_moderate:86037:combined_moderate:3.00,86037,combined_moderate,combined_moderate,3.0,1,0,119851,167851,7.4906875,10.4906875,False,f9a3807c3514c924
combined_moderate:86038:combined_moderate:1.00:0,combined_moderate:86038:combined_moderate:1.00,86038,combined_moderate,combined_moderate,1.0,1,0,430920,446920,26.9325,27.9325,False,f9a3807c3514c924
combined_moderate:86038:combined_moderate:2.00:0,combined_moderate:86038:combined_moderate:2.00,86038,combined_moderate,combined_moderate,2.0,1,0,395286,427286,24.705375,26.705375,False,f9a3807c3514c924
combined_moderate:86038:combined_moderate:3.00:0,combined_moderate:86038:combined_moderate:3.00,86038,combined_moderate,combined_moderate,3.0,1,0,129260,177260,8.07875,11.07875,False,f9a3807c3514c924
combined_moderate:86039:combined_moderate:1.00:0,combined_moderate:86039:combined_moderate:1.00,86039,combined_moderate,combined_moderate,1.0,1,0,7433,23433,0.4645625,1.4645625,False,f9a3807c3514c924
combined_moderate:86039:combined_moderate:2.00:0,combined_moderate:86039:combined_moderate:2.00,86039,combined_moderate,combined_moderate,2.0,1,0,421335,453335,26.3334375,28.3334375,False,f9a3807c3514c924
combined_moderate:86039:combined_moderate:3.00:0,combined_moderate:86039:combined_moderate:3.00,86039,combined_moderate,combined_moderate,3.0,1,0,75958,123958,4.747375,7.747375,False,f9a3807c3514c924
combined_moderate:86040:combined_moderate:1.00:0,combined_moderate:86040:combined_moderate:1.00,86040,combined_moderate,combined_moderate,1.0,1,0,153738,169738,9.608625,10.608625,False,f9a3807c3514c924
combined_moderate:86040:combined_moderate:2.00:0,combined_moderate:86040:combined_moderate:2.00,86040,combined_moderate,combined_moderate,2.0,1,0,420669,452669,26.2918125,28.2918125,False,f9a3807c3514c924
combined_moderate:86040:combined_moderate:3.00:0,combined_moderate:86040:combined_moderate:3.00,86040,combined_moderate,combined_moderate,3.0,1,0,20443,68443,1.2776875,4.2776875,False,f9a3807c3514c924
combined_moderate:86116:combined_moderate:1.00:0,combined_moderate:86116:combined_moderate:1.00,86116,combined_moderate,combined_moderate,1.0,1,0,365418,381418,22.838625,23.838625,False,f9a3807c3514c924
combined_moderate:86116:combined_moderate:2.00:0,combined_moderate:86116:combined_moderate:2.00,86116,combined_moderate,combined_moderate,2.0,1,0,303684,335684,18.98025,20.98025,False,f9a3807c3514c924
combined_moderate:86116:combined_moderate:3.00:0,combined_moderate:86116:combined_moderate:3.00,86116,combined_moderate,combined_moderate,3.0,1,0,409184,457184,25.574,28.574,False,f9a3807c3514c924
combined_moderate:86117:combined_moderate:1.00:0,combined_moderate:86117:combined_moderate:1.00,86117,combined_moderate,combined_moderate,1.0,1,0,135311,151311,8.4569375,9.4569375,False,f9a3807c3514c924
combined_moderate:86117:combined_moderate:2.00:0,combined_moderate:86117:combined_moderate:2.00,86117,combined_moderate,combined_moderate,2.0,1,0,447241,479241,27.9525625,29.9525625,False,f9a3807c3514c924
combined_moderate:86117:combined_moderate:3.00:0,combined_moderate:86117:combined_moderate:3.00,86117,combined_moderate,combined_moderate,3.0,1,0,133765,181765,8.3603125,11.3603125,False,f9a3807c3514c924
combined_moderate:86118:combined_moderate:1.00:0,combined_moderate:86118:combined_moderate:1.00,86118,combined_moderate,combined_moderate,1.0,1,0,25588,41588,1.59925,2.59925,False,f9a3807c3514c924
combined_moderate:86118:combined_moderate:2.00:0,combined_moderate:86118:combined_moderate:2.00,86118,combined_moderate,combined_moderate,2.0,1,0,406154,438154,25.384625,27.384625,False,f9a3807c3514c924
combined_moderate:86118:combined_moderate:3.00:0,combined_moderate:86118:combined_moderate:3.00,86118,combined_moderate,combined_moderate,3.0,1,0,280324,328324,17.52025,20.52025,False,f9a3807c3514c924
combined_moderate:86119:combined_moderate:1.00:0,combined_moderate:86119:combined_moderate:1.00,86119,combined_moderate,combined_moderate,1.0,1,0,8639,24639,0.5399375,1.5399375,False,f9a3807c3514c924
combined_moderate:86119:combined_moderate:2.00:0,combined_moderate:86119:combined_moderate:2.00,86119,combined_moderate,combined_moderate,2.0,1,0,345579,377579,21.5986875,23.5986875,False,f9a3807c3514c924
combined_moderate:86119:combined_moderate:3.00:0,combined_moderate:86119:combined_moderate:3.00,86119,combined_moderate,combined_moderate,3.0,1,0,325605,373605,20.3503125,23.3503125,False,f9a3807c3514c924
combined_moderate:86256:combined_moderate:1.00:0,combined_moderate:86256:combined_moderate:1.00,86256,combined_moderate,combined_moderate,1.0,1,0,391913,407913,24.4945625,25.4945625,False,f9a3807c3514c924
combined_moderate:86256:combined_moderate:2.00:0,combined_moderate:86256:combined_moderate:2.00,86256,combined_moderate,combined_moderate,2.0,1,0,73108,105108,4.56925,6.56925,False,f9a3807c3514c924
combined_moderate:86256:combined_moderate:3.00:0,combined_moderate:86256:combined_moderate:3.00,86256,combined_moderate,combined_moderate,3.0,1,0,38771,86771,2.4231875,5.4231875,False,f9a3807c3514c924
combined_moderate:86415:combined_moderate:1.00:0,combined_moderate:86415:combined_moderate:1.00,86415,combined_moderate,combined_moderate,1.0,1,0,407379,423379,25.4611875,26.4611875,False,f9a3807c3514c924
combined_moderate:86415:combined_moderate:2.00:0,combined_moderate:86415:combined_moderate:2.00,86415,combined_moderate,combined_moderate,2.0,1,0,268845,300845,16.8028125,18.8028125,False,f9a3807c3514c924
combined_moderate:86415:combined_moderate:3.00:0,combined_moderate:86415:combined_moderate:3.00,86415,combined_moderate,combined_moderate,3.0,1,0,21289,69289,1.3305625,4.3305625,False,f9a3807c3514c924
combined_moderate:86416:combined_moderate:1.00:0,combined_moderate:86416:combined_moderate:1.00,86416,combined_moderate,combined_moderate,1.0,1,0,351843,367843,21.9901875,22.9901875,False,f9a3807c3514c924
combined_moderate:86416:combined_moderate:2.00:0,combined_moderate:86416:combined_moderate:2.00,86416,combined_moderate,combined_moderate,2.0,1,0,335216,367216,20.951,22.951,False,f9a3807c3514c924
combined_moderate:86416:combined_moderate:3.00:0,combined_moderate:86416:combined_moderate:3.00,86416,combined_moderate,combined_moderate,3.0,1,0,276865,324865,17.3040625,20.3040625,False,f9a3807c3514c924
combined_moderate:86634:combined_moderate:1.00:0,combined_moderate:86634:combined_moderate:1.00,86634,combined_moderate,combined_moderate,1.0,1,0,361714,377714,22.607125,23.607125,False,f9a3807c3514c924
combined_moderate:86634:combined_moderate:2.00:0,combined_moderate:86634:combined_moderate:2.00,86634,combined_moderate,combined_moderate,2.0,1,0,141232,173232,8.827,10.827,False,f9a3807c3514c924
combined_moderate:86634:combined_moderate:3.00:0,combined_moderate:86634:combined_moderate:3.00,86634,combined_moderate,combined_moderate,3.0,1,0,21994,69994,1.374625,4.374625,False,f9a3807c3514c924
combined_moderate:86788:combined_moderate:1.00:0,combined_moderate:86788:combined_moderate:1.00,86788,combined_moderate,combined_moderate,1.0,1,0,304792,320792,19.0495,20.0495,False,f9a3807c3514c924
combined_moderate:86788:combined_moderate:2.00:0,combined_moderate:86788:combined_moderate:2.00,86788,combined_moderate,combined_moderate,2.0,1,0,71517,103517,4.4698125,6.4698125,False,f9a3807c3514c924
combined_moderate:86788:combined_moderate:3.00:0,combined_moderate:86788:combined_moderate:3.00,86788,combined_moderate,combined_moderate,3.0,1,0,270593,318593,16.9120625,19.9120625,False,f9a3807c3514c924
combined_moderate:87069:combined_moderate:1.00:0,combined_moderate:87069:combined_moderate:1.00,87069,combined_moderate,combined_moderate,1.0,1,0,363710,379710,22.731875,23.731875,False,f9a3807c3514c924
combined_moderate:87069:combined_moderate:2.00:0,combined_moderate:87069:combined_moderate:2.00,87069,combined_moderate,combined_moderate,2.0,1,0,365774,397774,22.860875,24.860875,False,f9a3807c3514c924
combined_moderate:87069:combined_moderate:3.00:0,combined_moderate:87069:combined_moderate:3.00,87069,combined_moderate,combined_moderate,3.0,1,0,379834,427834,23.739625,26.739625,False,f9a3807c3514c924
combined_moderate:89445:combined_moderate:1.00:0,combined_moderate:89445:combined_moderate:1.00,89445,combined_moderate,combined_moderate,1.0,1,0,160352,176352,10.022,11.022,False,f9a3807c3514c924
combined_moderate:89445:combined_moderate:2.00:0,combined_moderate:89445:combined_moderate:2.00,89445,combined_moderate,combined_moderate,2.0,1,0,5727,37727,0.3579375,2.3579375,False,f9a3807c3514c924
combined_moderate:89445:combined_moderate:3.00:0,combined_moderate:89445:combined_moderate:3.00,89445,combined_moderate,combined_moderate,3.0,1,0,143008,191008,8.938,11.938,False,f9a3807c3514c924
combined_moderate:90526:combined_moderate:1.00:0,combined_moderate:90526:combined_moderate:1.00,90526,combined_moderate,combined_moderate,1.0,1,0,120504,136504,7.5315,8.5315,False,f9a3807c3514c924
combined_moderate:90526:combined_moderate:2.00:0,combined_moderate:90526:combined_moderate:2.00,90526,combined_moderate,combined_moderate,2.0,1,0,174804,206804,10.92525,12.92525,False,f9a3807c3514c924
combined_moderate:90526:combined_moderate:3.00:0,combined_moderate:90526:combined_moderate:3.00,90526,combined_moderate,combined_moderate,3.0,1,0,421679,469679,26.3549375,29.3549375,False,f9a3807c3514c924
combined_moderate:90527:combined_moderate:1.00:0,combined_moderate:90527:combined_moderate:1.00,90527,combined_moderate,combined_moderate,1.0,1,0,61315,77315,3.8321875,4.8321875,False,f9a3807c3514c924
combined_moderate:90527:combined_moderate:2.00:0,combined_moderate:90527:combined_moderate:2.00,90527,combined_moderate,combined_moderate,2.0,1,0,278701,310701,17.4188125,19.4188125,False,f9a3807c3514c924
combined_moderate:90527:combined_moderate:3.00:0,combined_moderate:90527:combined_moderate:3.00,90527,combined_moderate,combined_moderate,3.0,1,0,99080,147080,6.1925,9.1925,False,f9a3807c3514c924
combined_moderate:90529:combined_moderate:1.00:0,combined_moderate:90529:combined_moderate:1.00,90529,combined_moderate,combined_moderate,1.0,1,0,124885,140885,7.8053125,8.8053125,False,f9a3807c3514c924
combined_moderate:90529:combined_moderate:2.00:0,combined_moderate:90529:combined_moderate:2.00,90529,combined_moderate,combined_moderate,2.0,1,0,21300,53300,1.33125,3.33125,False,f9a3807c3514c924
combined_moderate:90529:combined_moderate:3.00:0,combined_moderate:90529:combined_moderate:3.00,90529,combined_moderate,combined_moderate,3.0,1,0,43966,91966,2.747875,5.747875,False,f9a3807c3514c924
combined_moderate:90530:combined_moderate:1.00:0,combined_moderate:90530:combined_moderate:1.00,90530,combined_moderate,combined_moderate,1.0,1,0,79558,95558,4.972375,5.972375,False,f9a3807c3514c924
combined_moderate:90530:combined_moderate:2.00:0,combined_moderate:90530:combined_moderate:2.00,90530,combined_moderate,combined_moderate,2.0,1,0,100988,132988,6.31175,8.31175,False,f9a3807c3514c924
combined_moderate:90530:combined_moderate:3.00:0,combined_moderate:90530:combined_moderate:3.00,90530,combined_moderate,combined_moderate,3.0,1,0,35562,83562,2.222625,5.222625,False,f9a3807c3514c924
combined_moderate:90616:combined_moderate:1.00:0,combined_moderate:90616:combined_moderate:1.00,90616,combined_moderate,combined_moderate,1.0,1,0,140948,156948,8.80925,9.80925,False,f9a3807c3514c924
combined_moderate:90616:combined_moderate:2.00:0,combined_moderate:90616:combined_moderate:2.00,90616,combined_moderate,combined_moderate,2.0,1,0,386656,418656,24.166,26.166,False,f9a3807c3514c924
combined_moderate:90616:combined_moderate:3.00:0,combined_moderate:90616:combined_moderate:3.00,90616,combined_moderate,combined_moderate,3.0,1,0,44357,92357,2.7723125,5.7723125,False,f9a3807c3514c924
combined_moderate:90617:combined_moderate:1.00:0,combined_moderate:90617:combined_moderate:1.00,90617,combined_moderate,combined_moderate,1.0,1,0,107966,123966,6.747875,7.747875,False,f9a3807c3514c924
combined_moderate:90617:combined_moderate:2.00:0,combined_moderate:90617:combined_moderate:2.00,90617,combined_moderate,combined_moderate,2.0,1,0,410250,442250,25.640625,27.640625,False,f9a3807c3514c924
combined_moderate:90617:combined_moderate:3.00:0,combined_moderate:90617:combined_moderate:3.00,90617,combined_moderate,combined_moderate,3.0,1,0,295961,343961,18.4975625,21.4975625,False,f9a3807c3514c924
combined_moderate:90618:combined_moderate:1.00:0,combined_moderate:90618:combined_moderate:1.00,90618,combined_moderate,combined_moderate,1.0,1,0,16535,32535,1.0334375,2.0334375,False,f9a3807c3514c924
combined_moderate:90618:combined_moderate:2.00:0,combined_moderate:90618:combined_moderate:2.00,90618,combined_moderate,combined_moderate,2.0,1,0,134356,166356,8.39725,10.39725,False,f9a3807c3514c924
combined_moderate:90618:combined_moderate:3.00:0,combined_moderate:90618:combined_moderate:3.00,90618,combined_moderate,combined_moderate,3.0,1,0,26040,74040,1.6275,4.6275,False,f9a3807c3514c924
combined_moderate:91468:combined_moderate:1.00:0,combined_moderate:91468:combined_moderate:1.00,91468,combined_moderate,combined_moderate,1.0,1,0,40193,56193,2.5120625,3.5120625,False,f9a3807c3514c924
combined_moderate:91468:combined_moderate:2.00:0,combined_moderate:91468:combined_moderate:2.00,91468,combined_moderate,combined_moderate,2.0,1,0,46990,78990,2.936875,4.936875,False,f9a3807c3514c924
combined_moderate:91468:combined_moderate:3.00:0,combined_moderate:91468:combined_moderate:3.00,91468,combined_moderate,combined_moderate,3.0,1,0,135702,183702,8.481375,11.481375,False,f9a3807c3514c924
combined_moderate:91471:combined_moderate:1.00:0,combined_moderate:91471:combined_moderate:1.00,91471,combined_moderate,combined_moderate,1.0,1,0,447583,463583,27.9739375,28.9739375,False,f9a3807c3514c924
combined_moderate:91471:combined_moderate:2.00:0,combined_moderate:91471:combined_moderate:2.00,91471,combined_moderate,combined_moderate,2.0,1,0,89145,121145,5.5715625,7.5715625,False,f9a3807c3514c924
combined_moderate:91471:combined_moderate:3.00:0,combined_moderate:91471:combined_moderate:3.00,91471,combined_moderate,combined_moderate,3.0,1,0,24266,72266,1.516625,4.516625,False,f9a3807c3514c924
combined_moderate:92366:combined_moderate:1.00:0,combined_moderate:92366:combined_moderate:1.00,92366,combined_moderate,combined_moderate,1.0,1,0,421950,437950,26.371875,27.371875,False,f9a3807c3514c924
combined_moderate:92366:combined_moderate:2.00:0,combined_moderate:92366:combined_moderate:2.00,92366,combined_moderate,combined_moderate,2.0,1,0,326262,358262,20.391375,22.391375,False,f9a3807c3514c924
combined_moderate:92366:combined_moderate:3.00:0,combined_moderate:92366:combined_moderate:3.00,92366,combined_moderate,combined_moderate,3.0,1,0,91671,139671,5.7294375,8.7294375,False,f9a3807c3514c924
combined_moderate:93518:combined_moderate:1.00:0,combined_moderate:93518:combined_moderate:1.00,93518,combined_moderate,combined_moderate,1.0,1,0,69954,85954,4.372125,5.372125,False,f9a3807c3514c924
combined_moderate:93518:combined_moderate:2.00:0,combined_moderate:93518:combined_moderate:2.00,93518,combined_moderate,combined_moderate,2.0,1,0,60230,92230,3.764375,5.764375,False,f9a3807c3514c924
combined_moderate:93518:combined_moderate:3.00:0,combined_moderate:93518:combined_moderate:3.00,93518,combined_moderate,combined_moderate,3.0,1,0,119358,167358,7.459875,10.459875,False,f9a3807c3514c924
combined_moderate:93519:combined_moderate:1.00:0,combined_moderate:93519:combined_moderate:1.00,93519,combined_moderate,combined_moderate,1.0,1,0,34766,50766,2.172875,3.172875,False,f9a3807c3514c924
combined_moderate:93519:combined_moderate:2.00:0,combined_moderate:93519:combined_moderate:2.00,93519,combined_moderate,combined_moderate,2.0,1,0,293581,325581,18.3488125,20.3488125,False,f9a3807c3514c924
combined_moderate:93519:combined_moderate:3.00:0,combined_moderate:93519:combined_moderate:3.00,93519,combined_moderate,combined_moderate,3.0,1,0,344024,392024,21.5015,24.5015,False,f9a3807c3514c924
combined_moderate:93520:combined_moderate:1.00:0,combined_moderate:93520:combined_moderate:1.00,93520,combined_moderate,combined_moderate,1.0,1,0,406444,422444,25.40275,26.40275,False,f9a3807c3514c924
combined_moderate:93520:combined_moderate:2.00:0,combined_moderate:93520:combined_moderate:2.00,93520,combined_moderate,combined_moderate,2.0,1,0,52583,84583,3.2864375,5.2864375,False,f9a3807c3514c924
combined_moderate:93520:combined_moderate:3.00:0,combined_moderate:93520:combined_moderate:3.00,93520,combined_moderate,combined_moderate,3.0,1,0,31449,79449,1.9655625,4.9655625,False,f9a3807c3514c924
combined_moderate:93521:combined_moderate:1.00:0,combined_moderate:93521:combined_moderate:1.00,93521,combined_moderate,combined_moderate,1.0,1,0,452671,468671,28.2919375,29.2919375,False,f9a3807c3514c924
combined_moderate:93521:combined_moderate:2.00:0,combined_moderate:93521:combined_moderate:2.00,93521,combined_moderate,combined_moderate,2.0,1,0,112449,144449,7.0280625,9.0280625,False,f9a3807c3514c924
combined_moderate:93521:combined_moderate:3.00:0,combined_moderate:93521:combined_moderate:3.00,93521,combined_moderate,combined_moderate,3.0,1,0,157426,205426,9.839125,12.839125,False,f9a3807c3514c924
combined_moderate:93522:combined_moderate:1.00:0,combined_moderate:93522:combined_moderate:1.00,93522,combined_moderate,combined_moderate,1.0,1,0,59858,75858,3.741125,4.741125,False,f9a3807c3514c924
combined_moderate:93522:combined_moderate:2.00:0,combined_moderate:93522:combined_moderate:2.00,93522,combined_moderate,combined_moderate,2.0,1,0,406786,438786,25.424125,27.424125,False,f9a3807c3514c924
combined_moderate:93522:combined_moderate:3.00:0,combined_moderate:93522:combined_moderate:3.00,93522,combined_moderate,combined_moderate,3.0,1,0,277903,325903,17.3689375,20.3689375,False,f9a3807c3514c924
combined_moderate:93523:combined_moderate:1.00:0,combined_moderate:93523:combined_moderate:1.00,93523,combined_moderate,combined_moderate,1.0,1,0,114196,130196,7.13725,8.13725,False,f9a3807c3514c924
combined_moderate:93523:combined_moderate:2.00:0,combined_moderate:93523:combined_moderate:2.00,93523,combined_moderate,combined_moderate,2.0,1,0,442618,474618,27.663625,29.663625,False,f9a3807c3514c924
combined_moderate:93523:combined_moderate:3.00:0,combined_moderate:93523:combined_moderate:3.00,93523,combined_moderate,combined_moderate,3.0,1,0,150432,198432,9.402,12.402,False,f9a3807c3514c924
combined_moderate:94093:combined_moderate:1.00:0,combined_moderate:94093:combined_moderate:1.00,94093,combined_moderate,combined_moderate,1.0,1,0,49839,65839,3.1149375,4.1149375,False,f9a3807c3514c924
combined_moderate:94093:combined_moderate:2.00:0,combined_moderate:94093:combined_moderate:2.00,94093,combined_moderate,combined_moderate,2.0,1,0,279384,311384,17.4615,19.4615,False,f9a3807c3514c924
combined_moderate:94093:combined_moderate:3.00:0,combined_moderate:94093:combined_moderate:3.00,94093,combined_moderate,combined_moderate,3.0,1,0,118040,166040,7.3775,10.3775,False,f9a3807c3514c924
combined_moderate:94099:combined_moderate:1.00:0,combined_moderate:94099:combined_moderate:1.00,94099,combined_moderate,combined_moderate,1.0,1,0,122267,138267,7.6416875,8.6416875,False,f9a3807c3514c924
combined_moderate:94099:combined_moderate:2.00:0,combined_moderate:94099:combined_moderate:2.00,94099,combined_moderate,combined_moderate,2.0,1,0,308275,340275,19.2671875,21.2671875,False,f9a3807c3514c924
combined_moderate:94099:combined_moderate:3.00:0,combined_moderate:94099:combined_moderate:3.00,94099,combined_moderate,combined_moderate,3.0,1,0,61906,109906,3.869125,6.869125,False,f9a3807c3514c924
combined_moderate:94101:combined_moderate:1.00:0,combined_moderate:94101:combined_moderate:1.00,94101,combined_moderate,combined_moderate,1.0,1,0,131235,147235,8.2021875,9.2021875,False,f9a3807c3514c924
combined_moderate:94101:combined_moderate:2.00:0,combined_moderate:94101:combined_moderate:2.00,94101,combined_moderate,combined_moderate,2.0,1,0,272293,304293,17.0183125,19.0183125,False,f9a3807c3514c924
combined_moderate:94101:combined_moderate:3.00:0,combined_moderate:94101:combined_moderate:3.00,94101,combined_moderate,combined_moderate,3.0,1,0,145252,193252,9.07825,12.07825,False,f9a3807c3514c924
combined_moderate:94102:combined_moderate:1.00:0,combined_moderate:94102:combined_moderate:1.00,94102,combined_moderate,combined_moderate,1.0,1,0,142288,158288,8.893,9.893,False,f9a3807c3514c924
combined_moderate:94102:combined_moderate:2.00:0,combined_moderate:94102:combined_moderate:2.00,94102,combined_moderate,combined_moderate,2.0,1,0,282153,314153,17.6345625,19.6345625,False,f9a3807c3514c924
combined_moderate:94102:combined_moderate:3.00:0,combined_moderate:94102:combined_moderate:3.00,94102,combined_moderate,combined_moderate,3.0,1,0,413825,461825,25.8640625,28.8640625,False,f9a3807c3514c924
combined_moderate:94803:combined_moderate:1.00:0,combined_moderate:94803:combined_moderate:1.00,94803,combined_moderate,combined_moderate,1.0,1,0,310983,326983,19.4364375,20.4364375,False,f9a3807c3514c924
combined_moderate:94803:combined_moderate:2.00:0,combined_moderate:94803:combined_moderate:2.00,94803,combined_moderate,combined_moderate,2.0,1,0,415722,447722,25.982625,27.982625,False,f9a3807c3514c924
combined_moderate:94803:combined_moderate:3.00:0,combined_moderate:94803:combined_moderate:3.00,94803,combined_moderate,combined_moderate,3.0,1,0,422989,470989,26.4368125,29.4368125,False,f9a3807c3514c924
combined_moderate:95486:combined_moderate:1.00:0,combined_moderate:95486:combined_moderate:1.00,95486,combined_moderate,combined_moderate,1.0,1,0,302730,318730,18.920625,19.920625,False,f9a3807c3514c924
combined_moderate:95486:combined_moderate:2.00:0,combined_moderate:95486:combined_moderate:2.00,95486,combined_moderate,combined_moderate,2.0,1,0,322234,354234,20.139625,22.139625,False,f9a3807c3514c924
combined_moderate:95486:combined_moderate:3.00:0,combined_moderate:95486:combined_moderate:3.00,95486,combined_moderate,combined_moderate,3.0,1,0,315447,363447,19.7154375,22.7154375,False,f9a3807c3514c924
combined_moderate:95535:combined_moderate:1.00:0,combined_moderate:95535:combined_moderate:1.00,95535,combined_moderate,combined_moderate,1.0,1,0,369221,385221,23.0763125,24.0763125,False,f9a3807c3514c924
combined_moderate:95535:combined_moderate:2.00:0,combined_moderate:95535:combined_moderate:2.00,95535,combined_moderate,combined_moderate,2.0,1,0,314778,346778,19.673625,21.673625,False,f9a3807c3514c924
combined_moderate:95535:combined_moderate:3.00:0,combined_moderate:95535:combined_moderate:3.00,95535,combined_moderate,combined_moderate,3.0,1,0,418497,466497,26.1560625,29.1560625,False,f9a3807c3514c924
combined_moderate:97286:combined_moderate:1.00:0,combined_moderate:97286:combined_moderate:1.00,97286,combined_moderate,combined_moderate,1.0,1,0,116783,132783,7.2989375,8.2989375,False,f9a3807c3514c924
combined_moderate:97286:combined_moderate:2.00:0,combined_moderate:97286:combined_moderate:2.00,97286,combined_moderate,combined_moderate,2.0,1,0,291156,323156,18.19725,20.19725,False,f9a3807c3514c924
combined_moderate:97286:combined_moderate:3.00:0,combined_moderate:97286:combined_moderate:3.00,97286,combined_moderate,combined_moderate,3.0,1,0,417351,465351,26.0844375,29.0844375,False,f9a3807c3514c924
combined_moderate:98077:combined_moderate:1.00:0,combined_moderate:98077:combined_moderate:1.00,98077,combined_moderate,combined_moderate,1.0,1,0,50184,66184,3.1365,4.1365,False,f9a3807c3514c924
combined_moderate:98077:combined_moderate:2.00:0,combined_moderate:98077:combined_moderate:2.00,98077,combined_moderate,combined_moderate,2.0,1,0,72198,104198,4.512375,6.512375,False,f9a3807c3514c924
combined_moderate:98077:combined_moderate:3.00:0,combined_moderate:98077:combined_moderate:3.00,98077,combined_moderate,combined_moderate,3.0,1,0,68124,116124,4.25775,7.25775,False,f9a3807c3514c924
combined_moderate:98298:combined_moderate:1.00:0,combined_moderate:98298:combined_moderate:1.00,98298,combined_moderate,combined_moderate,1.0,1,0,284149,300149,17.7593125,18.7593125,False,f9a3807c3514c924
combined_moderate:98298:combined_moderate:2.00:0,combined_moderate:98298:combined_moderate:2.00,98298,combined_moderate,combined_moderate,2.0,1,0,438981,470981,27.4363125,29.4363125,False,f9a3807c3514c924
combined_moderate:98298:combined_moderate:3.00:0,combined_moderate:98298:combined_moderate:3.00,98298,combined_moderate,combined_moderate,3.0,1,0,7515,55515,0.4696875,3.4696875,False,f9a3807c3514c924
combined_moderate:98299:combined_moderate:1.00:0,combined_moderate:98299:combined_moderate:1.00,98299,combined_moderate,combined_moderate,1.0,1,0,377513,393513,23.5945625,24.5945625,False,f9a3807c3514c924
combined_moderate:98299:combined_moderate:2.00:0,combined_moderate:98299:combined_moderate:2.00,98299,combined_moderate,combined_moderate,2.0,1,0,326459,358459,20.4036875,22.4036875,False,f9a3807c3514c924
combined_moderate:98299:combined_moderate:3.00:0,combined_moderate:98299:combined_moderate:3.00,98299,combined_moderate,combined_moderate,3.0,1,0,117000,165000,7.3125,10.3125,False,f9a3807c3514c924
combined_moderate:98300:combined_moderate:1.00:0,combined_moderate:98300:combined_moderate:1.00,98300,combined_moderate,combined_moderate,1.0,1,0,460797,476797,28.7998125,29.7998125,False,f9a3807c3514c924
combined_moderate:98300:combined_moderate:2.00:0,combined_moderate:98300:combined_moderate:2.00,98300,combined_moderate,combined_moderate,2.0,1,0,77233,109233,4.8270625,6.8270625,False,f9a3807c3514c924
combined_moderate:98300:combined_moderate:3.00:0,combined_moderate:98300:combined_moderate:3.00,98300,combined_moderate,combined_moderate,3.0,1,0,301043,349043,18.8151875,21.8151875,False,f9a3807c3514c924
combined_moderate:98301:combined_moderate:1.00:0,combined_moderate:98301:combined_moderate:1.00,98301,combined_moderate,combined_moderate,1.0,1,0,66737,82737,4.1710625,5.1710625,False,f9a3807c3514c924
combined_moderate:98301:combined_moderate:2.00:0,combined_moderate:98301:combined_moderate:2.00,98301,combined_moderate,combined_moderate,2.0,1,0,6540,38540,0.40875,2.40875,False,f9a3807c3514c924
combined_moderate:98301:combined_moderate:3.00:0,combined_moderate:98301:combined_moderate:3.00,98301,combined_moderate,combined_moderate,3.0,1,0,424228,472228,26.51425,29.51425,False,f9a3807c3514c924
combined_moderate:98302:combined_moderate:1.00:0,combined_moderate:98302:combined_moderate:1.00,98302,combined_moderate,combined_moderate,1.0,1,0,129561,145561,8.0975625,9.0975625,False,f9a3807c3514c924
combined_moderate:98302:combined_moderate:2.00:0,combined_moderate:98302:combined_moderate:2.00,98302,combined_moderate,combined_moderate,2.0,1,0,7009,39009,0.4380625,2.4380625,False,f9a3807c3514c924
combined_moderate:98302:combined_moderate:3.00:0,combined_moderate:98302:combined_moderate:3.00,98302,combined_moderate,combined_moderate,3.0,1,0,40549,88549,2.5343125,5.5343125,False,f9a3807c3514c924
combined_moderate:98346:combined_moderate:1.00:0,combined_moderate:98346:combined_moderate:1.00,98346,combined_moderate,combined_moderate,1.0,1,0,391806,407806,24.487875,25.487875,False,f9a3807c3514c924
combined_moderate:98346:combined_moderate:2.00:0,combined_moderate:98346:combined_moderate:2.00,98346,combined_moderate,combined_moderate,2.0,1,0,176190,208190,11.011875,13.011875,False,f9a3807c3514c924
combined_moderate:98346:combined_moderate:3.00:0,combined_moderate:98346:combined_moderate:3.00,98346,combined_moderate,combined_moderate,3.0,1,0,279722,327722,17.482625,20.482625,False,f9a3807c3514c924
combined_moderate:98348:combined_moderate:1.00:0,combined_moderate:98348:combined_moderate:1.00,98348,combined_moderate,combined_moderate,1.0,1,0,358618,374618,22.413625,23.413625,False,f9a3807c3514c924
combined_moderate:98348:combined_moderate:2.00:0,combined_moderate:98348:combined_moderate:2.00,98348,combined_moderate,combined_moderate,2.0,1,0,39814,71814,2.488375,4.488375,False,f9a3807c3514c924
combined_moderate:98348:combined_moderate:3.00:0,combined_moderate:98348:combined_moderate:3.00,98348,combined_moderate,combined_moderate,3.0,1,0,141559,189559,8.8474375,11.8474375,False,f9a3807c3514c924
combined_moderate:98349:combined_moderate:1.00:0,combined_moderate:98349:combined_moderate:1.00,98349,combined_moderate,combined_moderate,1.0,1,0,17347,33347,1.0841875,2.0841875,False,f9a3807c3514c924
combined_moderate:98349:combined_moderate:2.00:0,combined_moderate:98349:combined_moderate:2.00,98349,combined_moderate,combined_moderate,2.0,1,0,430441,462441,26.9025625,28.9025625,False,f9a3807c3514c924
combined_moderate:98349:combined_moderate:3.00:0,combined_moderate:98349:combined_moderate:3.00,98349,combined_moderate,combined_moderate,3.0,1,0,73359,121359,4.5849375,7.5849375,False,f9a3807c3514c924
combined_moderate:99093:combined_moderate:1.00:0,combined_moderate:99093:combined_moderate:1.00,99093,combined_moderate,combined_moderate,1.0,1,0,355843,371843,22.2401875,23.2401875,False,f9a3807c3514c924
combined_moderate:99093:combined_moderate:2.00:0,combined_moderate:99093:combined_moderate:2.00,99093,combined_moderate,combined_moderate,2.0,1,0,301303,333303,18.8314375,20.8314375,False,f9a3807c3514c924
combined_moderate:99093:combined_moderate:3.00:0,combined_moderate:99093:combined_moderate:3.00,99093,combined_moderate,combined_moderate,3.0,1,0,417317,465317,26.0823125,29.0823125,False,f9a3807c3514c924
combined_moderate:99095:combined_moderate:1.00:0,combined_moderate:99095:combined_moderate:1.00,99095,combined_moderate,combined_moderate,1.0,1,0,57238,73238,3.577375,4.577375,False,f9a3807c3514c924
combined_moderate:99095:combined_moderate:2.00:0,combined_moderate:99095:combined_moderate:2.00,99095,combined_moderate,combined_moderate,2.0,1,0,430139,462139,26.8836875,28.8836875,False,f9a3807c3514c924
combined_moderate:99095:combined_moderate:3.00:0,combined_moderate:99095:combined_moderate:3.00,99095,combined_moderate,combined_moderate,3.0,1,0,386727,434727,24.1704375,27.1704375,False,f9a3807c3514c924
combined_moderate:99096:combined_moderate:1.00:0,combined_moderate:99096:combined_moderate:1.00,99096,combined_moderate,combined_moderate,1.0,1,0,177858,193858,11.116125,12.116125,False,f9a3807c3514c924
combined_moderate:99096:combined_moderate:2.00:0,combined_moderate:99096:combined_moderate:2.00,99096,combined_moderate,combined_moderate,2.0,1,0,443579,475579,27.7236875,29.7236875,False,f9a3807c3514c924
combined_moderate:99096:combined_moderate:3.00:0,combined_moderate:99096:combined_moderate:3.00,99096,combined_moderate,combined_moderate,3.0,1,0,33515,81515,2.0946875,5.0946875,False,f9a3807c3514c924
combined_moderate:101951:combined_moderate:1.00:0,combined_moderate:101951:combined_moderate:1.00,101951,combined_moderate,combined_moderate,1.0,1,0,383318,399318,23.957375,24.957375,False,f9a3807c3514c924
combined_moderate:101951:combined_moderate:2.00:0,combined_moderate:101951:combined_moderate:2.00,101951,combined_moderate,combined_moderate,2.0,1,0,318465,350465,19.9040625,21.9040625,False,f9a3807c3514c924
combined_moderate:101951:combined_moderate:3.00:0,combined_moderate:101951:combined_moderate:3.00,101951,combined_moderate,combined_moderate,3.0,1,0,341117,389117,21.3198125,24.3198125,False,f9a3807c3514c924
combined_moderate:103518:combined_moderate:1.00:0,combined_moderate:103518:combined_moderate:1.00,103518,combined_moderate,combined_moderate,1.0,1,0,57594,73594,3.599625,4.599625,False,f9a3807c3514c924
combined_moderate:103518:combined_moderate:2.00:0,combined_moderate:103518:combined_moderate:2.00,103518,combined_moderate,combined_moderate,2.0,1,0,29020,61020,1.81375,3.81375,False,f9a3807c3514c924
combined_moderate:103518:combined_moderate:3.00:0,combined_moderate:103518:combined_moderate:3.00,103518,combined_moderate,combined_moderate,3.0,1,0,314553,362553,19.6595625,22.6595625,False,f9a3807c3514c924
combined_moderate:103519:combined_moderate:1.00:0,combined_moderate:103519:combined_moderate:1.00,103519,combined_moderate,combined_moderate,1.0,1,0,398594,414594,24.912125,25.912125,False,f9a3807c3514c924
combined_moderate:103519:combined_moderate:2.00:0,combined_moderate:103519:combined_moderate:2.00,103519,combined_moderate,combined_moderate,2.0,1,0,174602,206602,10.912625,12.912625,False,f9a3807c3514c924
combined_moderate:103519:combined_moderate:3.00:0,combined_moderate:103519:combined_moderate:3.00,103519,combined_moderate,combined_moderate,3.0,1,0,122592,170592,7.662,10.662,False,f9a3807c3514c924
combined_moderate:103520:combined_moderate:1.00:0,combined_moderate:103520:combined_moderate:1.00,103520,combined_moderate,combined_moderate,1.0,1,0,167605,183605,10.4753125,11.4753125,False,f9a3807c3514c924
combined_moderate:103520:combined_moderate:2.00:0,combined_moderate:103520:combined_moderate:2.00,103520,combined_moderate,combined_moderate,2.0,1,0,105043,137043,6.5651875,8.5651875,False,f9a3807c3514c924
combined_moderate:103520:combined_moderate:3.00:0,combined_moderate:103520:combined_moderate:3.00,103520,combined_moderate,combined_moderate,3.0,1,0,71758,119758,4.484875,7.484875,False,f9a3807c3514c924
combined_moderate:103521:combined_moderate:1.00:0,combined_moderate:103521:combined_moderate:1.00,103521,combined_moderate,combined_moderate,1.0,1,0,306,16306,0.019125,1.019125,False,f9a3807c3514c924
combined_moderate:103521:combined_moderate:2.00:0,combined_moderate:103521:combined_moderate:2.00,103521,combined_moderate,combined_moderate,2.0,1,0,319341,351341,19.9588125,21.9588125,False,f9a3807c3514c924
combined_moderate:103521:combined_moderate:3.00:0,combined_moderate:103521:combined_moderate:3.00,103521,combined_moderate,combined_moderate,3.0,1,0,382470,430470,23.904375,26.904375,False,f9a3807c3514c924
combined_moderate:103522:combined_moderate:1.00:0,combined_moderate:103522:combined_moderate:1.00,103522,combined_moderate,combined_moderate,1.0,1,0,120056,136056,7.5035,8.5035,False,f9a3807c3514c924
combined_moderate:103522:combined_moderate:2.00:0,combined_moderate:103522:combined_moderate:2.00,103522,combined_moderate,combined_moderate,2.0,1,0,49381,81381,3.0863125,5.0863125,False,f9a3807c3514c924
combined_moderate:103522:combined_moderate:3.00:0,combined_moderate:103522:combined_moderate:3.00,103522,combined_moderate,combined_moderate,3.0,1,0,387355,435355,24.2096875,27.2096875,False,f9a3807c3514c924
combined_moderate:103523:combined_moderate:1.00:0,combined_moderate:103523:combined_moderate:1.00,103523,combined_moderate,combined_moderate,1.0,1,0,407189,423189,25.4493125,26.4493125,False,f9a3807c3514c924
combined_moderate:103523:combined_moderate:2.00:0,combined_moderate:103523:combined_moderate:2.00,103523,combined_moderate,combined_moderate,2.0,1,0,388922,420922,24.307625,26.307625,False,f9a3807c3514c924
combined_moderate:103523:combined_moderate:3.00:0,combined_moderate:103523:combined_moderate:3.00,103523,combined_moderate,combined_moderate,3.0,1,0,30707,78707,1.9191875,4.9191875,False,f9a3807c3514c924
combined_moderate:104434:combined_moderate:1.00:0,combined_moderate:104434:combined_moderate:1.00,104434,combined_moderate,combined_moderate,1.0,1,0,446806,462806,27.925375,28.925375,False,f9a3807c3514c924
combined_moderate:104434:combined_moderate:2.00:0,combined_moderate:104434:combined_moderate:2.00,104434,combined_moderate,combined_moderate,2.0,1,0,314794,346794,19.674625,21.674625,False,f9a3807c3514c924
combined_moderate:104434:combined_moderate:3.00:0,combined_moderate:104434:combined_moderate:3.00,104434,combined_moderate,combined_moderate,3.0,1,0,406131,454131,25.3831875,28.3831875,False,f9a3807c3514c924
combined_moderate:105141:combined_moderate:1.00:0,combined_moderate:105141:combined_moderate:1.00,105141,combined_moderate,combined_moderate,1.0,1,0,24251,40251,1.5156875,2.5156875,False,f9a3807c3514c924
combined_moderate:105141:combined_moderate:2.00:0,combined_moderate:105141:combined_moderate:2.00,105141,combined_moderate,combined_moderate,2.0,1,0,148982,180982,9.311375,11.311375,False,f9a3807c3514c924
combined_moderate:105141:combined_moderate:3.00:0,combined_moderate:105141:combined_moderate:3.00,105141,combined_moderate,combined_moderate,3.0,1,0,49090,97090,3.068125,6.068125,False,f9a3807c3514c924
combined_moderate:105144:combined_moderate:1.00:0,combined_moderate:105144:combined_moderate:1.00,105144,combined_moderate,combined_moderate,1.0,1,0,444033,460033,27.7520625,28.7520625,False,f9a3807c3514c924
combined_moderate:105144:combined_moderate:2.00:0,combined_moderate:105144:combined_moderate:2.00,105144,combined_moderate,combined_moderate,2.0,1,0,115737,147737,7.2335625,9.2335625,False,f9a3807c3514c924
combined_moderate:105144:combined_moderate:3.00:0,combined_moderate:105144:combined_moderate:3.00,105144,combined_moderate,combined_moderate,3.0,1,0,426569,474569,26.6605625,29.6605625,False,f9a3807c3514c924
combined_moderate:106629:combined_moderate:1.00:0,combined_moderate:106629:combined_moderate:1.00,106629,combined_moderate,combined_moderate,1.0,1,0,301415,317415,18.8384375,19.8384375,False,f9a3807c3514c924
combined_moderate:106629:combined_moderate:2.00:0,combined_moderate:106629:combined_moderate:2.00,106629,combined_moderate,combined_moderate,2.0,1,0,380071,412071,23.7544375,25.7544375,False,f9a3807c3514c924
combined_moderate:106629:combined_moderate:3.00:0,combined_moderate:106629:combined_moderate:3.00,106629,combined_moderate,combined_moderate,3.0,1,0,171365,219365,10.7103125,13.7103125,False,f9a3807c3514c924
combined_moderate:106872:combined_moderate:1.00:0,combined_moderate:106872:combined_moderate:1.00,106872,combined_moderate,combined_moderate,1.0,1,0,63388,79388,3.96175,4.96175,False,f9a3807c3514c924
combined_moderate:106872:combined_moderate:2.00:0,combined_moderate:106872:combined_moderate:2.00,106872,combined_moderate,combined_moderate,2.0,1,0,151339,183339,9.4586875,11.4586875,False,f9a3807c3514c924
combined_moderate:106872:combined_moderate:3.00:0,combined_moderate:106872:combined_moderate:3.00,106872,combined_moderate,combined_moderate,3.0,1,0,96429,144429,6.0268125,9.0268125,False,f9a3807c3514c924
combined_moderate:106876:combined_moderate:1.00:0,combined_moderate:106876:combined_moderate:1.00,106876,combined_moderate,combined_moderate,1.0,1,0,459350,475350,28.709375,29.709375,False,f9a3807c3514c924
combined_moderate:106876:combined_moderate:2.00:0,combined_moderate:106876:combined_moderate:2.00,106876,combined_moderate,combined_moderate,2.0,1,0,425316,457316,26.58225,28.58225,False,f9a3807c3514c924
combined_moderate:106876:combined_moderate:3.00:0,combined_moderate:106876:combined_moderate:3.00,106876,combined_moderate,combined_moderate,3.0,1,0,136321,184321,8.5200625,11.5200625,False,f9a3807c3514c924
combined_moderate:106877:combined_moderate:1.00:0,combined_moderate:106877:combined_moderate:1.00,106877,combined_moderate,combined_moderate,1.0,1,0,181785,197785,11.3615625,12.3615625,False,f9a3807c3514c924
combined_moderate:106877:combined_moderate:2.00:0,combined_moderate:106877:combined_moderate:2.00,106877,combined_moderate,combined_moderate,2.0,1,0,373703,405703,23.3564375,25.3564375,False,f9a3807c3514c924
combined_moderate:106877:combined_moderate:3.00:0,combined_moderate:106877:combined_moderate:3.00,106877,combined_moderate,combined_moderate,3.0,1,0,360210,408210,22.513125,25.513125,False,f9a3807c3514c924
combined_moderate:108456:combined_moderate:1.00:0,combined_moderate:108456:combined_moderate:1.00,108456,combined_moderate,combined_moderate,1.0,1,0,72447,88447,4.5279375,5.5279375,False,f9a3807c3514c924
combined_moderate:108456:combined_moderate:2.00:0,combined_moderate:108456:combined_moderate:2.00,108456,combined_moderate,combined_moderate,2.0,1,0,399561,431561,24.9725625,26.9725625,False,f9a3807c3514c924
combined_moderate:108456:combined_moderate:3.00:0,combined_moderate:108456:combined_moderate:3.00,108456,combined_moderate,combined_moderate,3.0,1,0,161922,209922,10.120125,13.120125,False,f9a3807c3514c924
combined_moderate:108457:combined_moderate:1.00:0,combined_moderate:108457:combined_moderate:1.00,108457,combined_moderate,combined_moderate,1.0,1,0,36759,52759,2.2974375,3.2974375,False,f9a3807c3514c924
combined_moderate:108457:combined_moderate:2.00:0,combined_moderate:108457:combined_moderate:2.00,108457,combined_moderate,combined_moderate,2.0,1,0,39933,71933,2.4958125,4.4958125,False,f9a3807c3514c924
combined_moderate:108457:combined_moderate:3.00:0,combined_moderate:108457:combined_moderate:3.00,108457,combined_moderate,combined_moderate,3.0,1,0,34060,82060,2.12875,5.12875,False,f9a3807c3514c924
combined_moderate:108459:combined_moderate:1.00:0,combined_moderate:108459:combined_moderate:1.00,108459,combined_moderate,combined_moderate,1.0,1,0,86470,102470,5.404375,6.404375,False,f9a3807c3514c924
combined_moderate:108459:combined_moderate:2.00:0,combined_moderate:108459:combined_moderate:2.00,108459,combined_moderate,combined_moderate,2.0,1,0,121388,153388,7.58675,9.58675,False,f9a3807c3514c924
combined_moderate:108459:combined_moderate:3.00:0,combined_moderate:108459:combined_moderate:3.00,108459,combined_moderate,combined_moderate,3.0,1,0,50441,98441,3.1525625,6.1525625,False,f9a3807c3514c924
combined_moderate:108460:combined_moderate:1.00:0,combined_moderate:108460:combined_moderate:1.00,108460,combined_moderate,combined_moderate,1.0,1,0,378342,394342,23.646375,24.646375,False,f9a3807c3514c924
combined_moderate:108460:combined_moderate:2.00:0,combined_moderate:108460:combined_moderate:2.00,108460,combined_moderate,combined_moderate,2.0,1,0,297215,329215,18.5759375,20.5759375,False,f9a3807c3514c924
combined_moderate:108460:combined_moderate:3.00:0,combined_moderate:108460:combined_moderate:3.00,108460,combined_moderate,combined_moderate,3.0,1,0,107022,155022,6.688875,9.688875,False,f9a3807c3514c924
combined_moderate:108461:combined_moderate:1.00:0,combined_moderate:108461:combined_moderate:1.00,108461,combined_moderate,combined_moderate,1.0,1,0,287611,303611,17.9756875,18.9756875,False,f9a3807c3514c924
combined_moderate:108461:combined_moderate:2.00:0,combined_moderate:108461:combined_moderate:2.00,108461,combined_moderate,combined_moderate,2.0,1,0,338567,370567,21.1604375,23.1604375,False,f9a3807c3514c924
combined_moderate:108461:combined_moderate:3.00:0,combined_moderate:108461:combined_moderate:3.00,108461,combined_moderate,combined_moderate,3.0,1,0,431367,479367,26.9604375,29.9604375,False,f9a3807c3514c924
combined_moderate:108493:combined_moderate:1.00:0,combined_moderate:108493:combined_moderate:1.00,108493,combined_moderate,combined_moderate,1.0,1,0,28651,44651,1.7906875,2.7906875,False,f9a3807c3514c924
combined_moderate:108493:combined_moderate:2.00:0,combined_moderate:108493:combined_moderate:2.00,108493,combined_moderate,combined_moderate,2.0,1,0,444607,476607,27.7879375,29.7879375,False,f9a3807c3514c924
combined_moderate:108493:combined_moderate:3.00:0,combined_moderate:108493:combined_moderate:3.00,108493,combined_moderate,combined_moderate,3.0,1,0,140901,188901,8.8063125,11.8063125,False,f9a3807c3514c924
combined_moderate:108495:combined_moderate:1.00:0,combined_moderate:108495:combined_moderate:1.00,108495,combined_moderate,combined_moderate,1.0,1,0,337216,353216,21.076,22.076,False,f9a3807c3514c924
combined_moderate:108495:combined_moderate:2.00:0,combined_moderate:108495:combined_moderate:2.00,108495,combined_moderate,combined_moderate,2.0,1,0,414297,446297,25.8935625,27.8935625,False,f9a3807c3514c924
combined_moderate:108495:combined_moderate:3.00:0,combined_moderate:108495:combined_moderate:3.00,108495,combined_moderate,combined_moderate,3.0,1,0,277154,325154,17.322125,20.322125,False,f9a3807c3514c924
combined_moderate:108524:combined_moderate:1.00:0,combined_moderate:108524:combined_moderate:1.00,108524,combined_moderate,combined_moderate,1.0,1,0,45565,61565,2.8478125,3.8478125,False,f9a3807c3514c924
combined_moderate:108524:combined_moderate:2.00:0,combined_moderate:108524:combined_moderate:2.00,108524,combined_moderate,combined_moderate,2.0,1,0,167354,199354,10.459625,12.459625,False,f9a3807c3514c924
combined_moderate:108524:combined_moderate:3.00:0,combined_moderate:108524:combined_moderate:3.00,108524,combined_moderate,combined_moderate,3.0,1,0,117704,165704,7.3565,10.3565,False,f9a3807c3514c924
combined_moderate:108525:combined_moderate:1.00:0,combined_moderate:108525:combined_moderate:1.00,108525,combined_moderate,combined_moderate,1.0,1,0,433281,449281,27.0800625,28.0800625,False,f9a3807c3514c924
combined_moderate:108525:combined_moderate:2.00:0,combined_moderate:108525:combined_moderate:2.00,108525,combined_moderate,combined_moderate,2.0,1,0,120508,152508,7.53175,9.53175,False,f9a3807c3514c924
combined_moderate:108525:combined_moderate:3.00:0,combined_moderate:108525:combined_moderate:3.00,108525,combined_moderate,combined_moderate,3.0,1,0,172211,220211,10.7631875,13.7631875,False,f9a3807c3514c924
combined_moderate:108526:combined_moderate:1.00:0,combined_moderate:108526:combined_moderate:1.00,108526,combined_moderate,combined_moderate,1.0,1,0,371285,387285,23.2053125,24.2053125,False,f9a3807c3514c924
combined_moderate:108526:combined_moderate:2.00:0,combined_moderate:108526:combined_moderate:2.00,108526,combined_moderate,combined_moderate,2.0,1,0,329332,361332,20.58325,22.58325,False,f9a3807c3514c924
combined_moderate:108526:combined_moderate:3.00:0,combined_moderate:108526:combined_moderate:3.00,108526,combined_moderate,combined_moderate,3.0,1,0,131286,179286,8.205375,11.205375,False,f9a3807c3514c924
combined_moderate:108527:combined_moderate:1.00:0,combined_moderate:108527:combined_moderate:1.00,108527,combined_moderate,combined_moderate,1.0,1,0,52103,68103,3.2564375,4.2564375,False,f9a3807c3514c924
combined_moderate:108527:combined_moderate:2.00:0,combined_moderate:108527:combined_moderate:2.00,108527,combined_moderate,combined_moderate,2.0,1,0,378726,410726,23.670375,25.670375,False,f9a3807c3514c924
combined_moderate:108527:combined_moderate:3.00:0,combined_moderate:108527:combined_moderate:3.00,108527,combined_moderate,combined_moderate,3.0,1,0,166384,214384,10.399,13.399,False,f9a3807c3514c924
combined_moderate:108528:combined_moderate:1.00:0,combined_moderate:108528:combined_moderate:1.00,108528,combined_moderate,combined_moderate,1.0,1,0,140691,156691,8.7931875,9.7931875,False,f9a3807c3514c924
combined_moderate:108528:combined_moderate:2.00:0,combined_moderate:108528:combined_moderate:2.00,108528,combined_moderate,combined_moderate,2.0,1,0,342481,374481,21.4050625,23.4050625,False,f9a3807c3514c924
combined_moderate:108528:combined_moderate:3.00:0,combined_moderate:108528:combined_moderate:3.00,108528,combined_moderate,combined_moderate,3.0,1,0,302411,350411,18.9006875,21.9006875,False,f9a3807c3514c924
combined_moderate:108529:combined_moderate:1.00:0,combined_moderate:108529:combined_moderate:1.00,108529,combined_moderate,combined_moderate,1.0,1,0,72657,88657,4.5410625,5.5410625,False,f9a3807c3514c924
combined_moderate:108529:combined_moderate:2.00:0,combined_moderate:108529:combined_moderate:2.00,108529,combined_moderate,combined_moderate,2.0,1,0,418367,450367,26.1479375,28.1479375,False,f9a3807c3514c924
combined_moderate:108529:combined_moderate:3.00:0,combined_moderate:108529:combined_moderate:3.00,108529,combined_moderate,combined_moderate,3.0,1,0,347889,395889,21.7430625,24.7430625,False,f9a3807c3514c924
combined_moderate:108530:combined_moderate:1.00:0,combined_moderate:108530:combined_moderate:1.00,108530,combined_moderate,combined_moderate,1.0,1,0,380335,396335,23.7709375,24.7709375,False,f9a3807c3514c924
combined_moderate:108530:combined_moderate:2.00:0,combined_moderate:108530:combined_moderate:2.00,108530,combined_moderate,combined_moderate,2.0,1,0,159508,191508,9.96925,11.96925,False,f9a3807c3514c924
combined_moderate:108530:combined_moderate:3.00:0,combined_moderate:108530:combined_moderate:3.00,108530,combined_moderate,combined_moderate,3.0,1,0,336845,384845,21.0528125,24.0528125,False,f9a3807c3514c924
combined_moderate:108531:combined_moderate:1.00:0,combined_moderate:108531:combined_moderate:1.00,108531,combined_moderate,combined_moderate,1.0,1,0,173894,189894,10.868375,11.868375,False,f9a3807c3514c924
combined_moderate:108531:combined_moderate:2.00:0,combined_moderate:108531:combined_moderate:2.00,108531,combined_moderate,combined_moderate,2.0,1,0,378533,410533,23.6583125,25.6583125,False,f9a3807c3514c924
combined_moderate:108531:combined_moderate:3.00:0,combined_moderate:108531:combined_moderate:3.00,108531,combined_moderate,combined_moderate,3.0,1,0,266009,314009,16.6255625,19.6255625,False,f9a3807c3514c924
combined_moderate:108532:combined_moderate:1.00:0,combined_moderate:108532:combined_moderate:1.00,108532,combined_moderate,combined_moderate,1.0,1,0,51116,67116,3.19475,4.19475,False,f9a3807c3514c924
combined_moderate:108532:combined_moderate:2.00:0,combined_moderate:108532:combined_moderate:2.00,108532,combined_moderate,combined_moderate,2.0,1,0,395946,427946,24.746625,26.746625,False,f9a3807c3514c924
combined_moderate:108532:combined_moderate:3.00:0,combined_moderate:108532:combined_moderate:3.00,108532,combined_moderate,combined_moderate,3.0,1,0,271325,319325,16.9578125,19.9578125,False,f9a3807c3514c924
combined_moderate:108533:combined_moderate:1.00:0,combined_moderate:108533:combined_moderate:1.00,108533,combined_moderate,combined_moderate,1.0,1,0,153189,169189,9.5743125,10.5743125,False,f9a3807c3514c924
combined_moderate:108533:combined_moderate:2.00:0,combined_moderate:108533:combined_moderate:2.00,108533,combined_moderate,combined_moderate,2.0,1,0,445445,477445,27.8403125,29.8403125,False,f9a3807c3514c924
combined_moderate:108533:combined_moderate:3.00:0,combined_moderate:108533:combined_moderate:3.00,108533,combined_moderate,combined_moderate,3.0,1,0,47015,95015,2.9384375,5.9384375,False,f9a3807c3514c924
combined_moderate:108842:combined_moderate:1.00:0,combined_moderate:108842:combined_moderate:1.00,108842,combined_moderate,combined_moderate,1.0,1,0,114619,130619,7.1636875,8.1636875,False,f9a3807c3514c924
combined_moderate:108842:combined_moderate:2.00:0,combined_moderate:108842:combined_moderate:2.00,108842,combined_moderate,combined_moderate,2.0,1,0,122834,154834,7.677125,9.677125,False,f9a3807c3514c924
combined_moderate:108842:combined_moderate:3.00:0,combined_moderate:108842:combined_moderate:3.00,108842,combined_moderate,combined_moderate,3.0,1,0,68990,116990,4.311875,7.311875,False,f9a3807c3514c924
combined_moderate:108843:combined_moderate:1.00:0,combined_moderate:108843:combined_moderate:1.00,108843,combined_moderate,combined_moderate,1.0,1,0,94626,110626,5.914125,6.914125,False,f9a3807c3514c924
combined_moderate:108843:combined_moderate:2.00:0,combined_moderate:108843:combined_moderate:2.00,108843,combined_moderate,combined_moderate,2.0,1,0,95555,127555,5.9721875,7.9721875,False,f9a3807c3514c924
combined_moderate:108843:combined_moderate:3.00:0,combined_moderate:108843:combined_moderate:3.00,108843,combined_moderate,combined_moderate,3.0,1,0,286385,334385,17.8990625,20.8990625,False,f9a3807c3514c924
combined_moderate:108845:combined_moderate:1.00:0,combined_moderate:108845:combined_moderate:1.00,108845,combined_moderate,combined_moderate,1.0,1,0,448298,464298,28.018625,29.018625,False,f9a3807c3514c924
combined_moderate:108845:combined_moderate:2.00:0,combined_moderate:108845:combined_moderate:2.00,108845,combined_moderate,combined_moderate,2.0,1,0,272162,304162,17.010125,19.010125,False,f9a3807c3514c924
combined_moderate:108845:combined_moderate:3.00:0,combined_moderate:108845:combined_moderate:3.00,108845,combined_moderate,combined_moderate,3.0,1,0,101935,149935,6.3709375,9.3709375,False,f9a3807c3514c924
combined_moderate:108846:combined_moderate:1.00:0,combined_moderate:108846:combined_moderate:1.00,108846,combined_moderate,combined_moderate,1.0,1,0,101270,117270,6.329375,7.329375,False,f9a3807c3514c924
combined_moderate:108846:combined_moderate:2.00:0,combined_moderate:108846:combined_moderate:2.00,108846,combined_moderate,combined_moderate,2.0,1,0,348999,380999,21.8124375,23.8124375,False,f9a3807c3514c924
combined_moderate:108846:combined_moderate:3.00:0,combined_moderate:108846:combined_moderate:3.00,108846,combined_moderate,combined_moderate,3.0,1,0,362741,410741,22.6713125,25.6713125,False,f9a3807c3514c924
combined_moderate:108847:combined_moderate:1.00:0,combined_moderate:108847:combined_moderate:1.00,108847,combined_moderate,combined_moderate,1.0,1,0,68200,84200,4.2625,5.2625,False,f9a3807c3514c924
combined_moderate:108847:combined_moderate:2.00:0,combined_moderate:108847:combined_moderate:2.00,108847,combined_moderate,combined_moderate,2.0,1,0,409486,441486,25.592875,27.592875,False,f9a3807c3514c924
combined_moderate:108847:combined_moderate:3.00:0,combined_moderate:108847:combined_moderate:3.00,108847,combined_moderate,combined_moderate,3.0,1,0,101923,149923,6.3701875,9.3701875,False,f9a3807c3514c924
combined_moderate:110070:combined_moderate:1.00:0,combined_moderate:110070:combined_moderate:1.00,110070,combined_moderate,combined_moderate,1.0,1,0,346261,362261,21.6413125,22.6413125,False,f9a3807c3514c924
combined_moderate:110070:combined_moderate:2.00:0,combined_moderate:110070:combined_moderate:2.00,110070,combined_moderate,combined_moderate,2.0,1,0,275826,307826,17.239125,19.239125,False,f9a3807c3514c924
combined_moderate:110070:combined_moderate:3.00:0,combined_moderate:110070:combined_moderate:3.00,110070,combined_moderate,combined_moderate,3.0,1,0,374189,422189,23.3868125,26.3868125,False,f9a3807c3514c924
combined_moderate:110082:combined_moderate:1.00:0,combined_moderate:110082:combined_moderate:1.00,110082,combined_moderate,combined_moderate,1.0,1,0,175489,191489,10.9680625,11.9680625,False,f9a3807c3514c924
combined_moderate:110082:combined_moderate:2.00:0,combined_moderate:110082:combined_moderate:2.00,110082,combined_moderate,combined_moderate,2.0,1,0,159201,191201,9.9500625,11.9500625,False,f9a3807c3514c924
combined_moderate:110082:combined_moderate:3.00:0,combined_moderate:110082:combined_moderate:3.00,110082,combined_moderate,combined_moderate,3.0,1,0,70887,118887,4.4304375,7.4304375,False,f9a3807c3514c924
combined_moderate:110084:combined_moderate:1.00:0,combined_moderate:110084:combined_moderate:1.00,110084,combined_moderate,combined_moderate,1.0,1,0,398452,414452,24.90325,25.90325,False,f9a3807c3514c924
combined_moderate:110084:combined_moderate:2.00:0,combined_moderate:110084:combined_moderate:2.00,110084,combined_moderate,combined_moderate,2.0,1,0,277328,309328,17.333,19.333,False,f9a3807c3514c924
combined_moderate:110084:combined_moderate:3.00:0,combined_moderate:110084:combined_moderate:3.00,110084,combined_moderate,combined_moderate,3.0,1,0,53470,101470,3.341875,6.341875,False,f9a3807c3514c924
combined_moderate:110085:combined_moderate:1.00:0,combined_moderate:110085:combined_moderate:1.00,110085,combined_moderate,combined_moderate,1.0,1,0,380401,396401,23.7750625,24.7750625,False,f9a3807c3514c924
combined_moderate:110085:combined_moderate:2.00:0,combined_moderate:110085:combined_moderate:2.00,110085,combined_moderate,combined_moderate,2.0,1,0,59532,91532,3.72075,5.72075,False,f9a3807c3514c924
combined_moderate:110085:combined_moderate:3.00:0,combined_moderate:110085:combined_moderate:3.00,110085,combined_moderate,combined_moderate,3.0,1,0,121051,169051,7.5656875,10.5656875,False,f9a3807c3514c924
combined_moderate:110086:combined_moderate:1.00:0,combined_moderate:110086:combined_moderate:1.00,110086,combined_moderate,combined_moderate,1.0,1,0,400979,416979,25.0611875,26.0611875,False,f9a3807c3514c924
combined_moderate:110086:combined_moderate:2.00:0,combined_moderate:110086:combined_moderate:2.00,110086,combined_moderate,combined_moderate,2.0,1,0,325824,357824,20.364,22.364,False,f9a3807c3514c924
combined_moderate:110086:combined_moderate:3.00:0,combined_moderate:110086:combined_moderate:3.00,110086,combined_moderate,combined_moderate,3.0,1,0,365674,413674,22.854625,25.854625,False,f9a3807c3514c924
combined_moderate:110204:combined_moderate:1.00:0,combined_moderate:110204:combined_moderate:1.00,110204,combined_moderate,combined_moderate,1.0,1,0,63247,79247,3.9529375,4.9529375,False,f9a3807c3514c924
combined_moderate:110204:combined_moderate:2.00:0,combined_moderate:110204:combined_moderate:2.00,110204,combined_moderate,combined_moderate,2.0,1,0,68301,100301,4.2688125,6.2688125,False,f9a3807c3514c924
combined_moderate:110204:combined_moderate:3.00:0,combined_moderate:110204:combined_moderate:3.00,110204,combined_moderate,combined_moderate,3.0,1,0,126755,174755,7.9221875,10.9221875,False,f9a3807c3514c924
combined_moderate:110205:combined_moderate:1.00:0,combined_moderate:110205:combined_moderate:1.00,110205,combined_moderate,combined_moderate,1.0,1,0,82254,98254,5.140875,6.140875,False,f9a3807c3514c924
combined_moderate:110205:combined_moderate:2.00:0,combined_moderate:110205:combined_moderate:2.00,110205,combined_moderate,combined_moderate,2.0,1,0,14165,46165,0.8853125,2.8853125,False,f9a3807c3514c924
combined_moderate:110205:combined_moderate:3.00:0,combined_moderate:110205:combined_moderate:3.00,110205,combined_moderate,combined_moderate,3.0,1,0,81580,129580,5.09875,8.09875,False,f9a3807c3514c924
combined_moderate:110206:combined_moderate:1.00:0,combined_moderate:110206:combined_moderate:1.00,110206,combined_moderate,combined_moderate,1.0,1,0,142918,158918,8.932375,9.932375,False,f9a3807c3514c924
combined_moderate:110206:combined_moderate:2.00:0,combined_moderate:110206:combined_moderate:2.00,110206,combined_moderate,combined_moderate,2.0,1,0,149848,181848,9.3655,11.3655,False,f9a3807c3514c924
combined_moderate:110206:combined_moderate:3.00:0,combined_moderate:110206:combined_moderate:3.00,110206,combined_moderate,combined_moderate,3.0,1,0,22702,70702,1.418875,4.418875,False,f9a3807c3514c924
combined_moderate:110207:combined_moderate:1.00:0,combined_moderate:110207:combined_moderate:1.00,110207,combined_moderate,combined_moderate,1.0,1,0,121833,137833,7.6145625,8.6145625,False,f9a3807c3514c924
combined_moderate:110207:combined_moderate:2.00:0,combined_moderate:110207:combined_moderate:2.00,110207,combined_moderate,combined_moderate,2.0,1,0,320975,352975,20.0609375,22.0609375,False,f9a3807c3514c924
combined_moderate:110207:combined_moderate:3.00:0,combined_moderate:110207:combined_moderate:3.00,110207,combined_moderate,combined_moderate,3.0,1,0,145634,193634,9.102125,12.102125,False,f9a3807c3514c924
combined_moderate:110208:combined_moderate:1.00:0,combined_moderate:110208:combined_moderate:1.00,110208,combined_moderate,combined_moderate,1.0,1,0,141224,157224,8.8265,9.8265,False,f9a3807c3514c924
combined_moderate:110208:combined_moderate:2.00:0,combined_moderate:110208:combined_moderate:2.00,110208,combined_moderate,combined_moderate,2.0,1,0,395774,427774,24.735875,26.735875,False,f9a3807c3514c924
combined_moderate:110208:combined_moderate:3.00:0,combined_moderate:110208:combined_moderate:3.00,110208,combined_moderate,combined_moderate,3.0,1,0,81230,129230,5.076875,8.076875,False,f9a3807c3514c924
combined_moderate:110209:combined_moderate:1.00:0,combined_moderate:110209:combined_moderate:1.00,110209,combined_moderate,combined_moderate,1.0,1,0,161031,177031,10.0644375,11.0644375,False,f9a3807c3514c924
combined_moderate:110209:combined_moderate:2.00:0,combined_moderate:110209:combined_moderate:2.00,110209,combined_moderate,combined_moderate,2.0,1,0,293389,325389,18.3368125,20.3368125,False,f9a3807c3514c924
combined_moderate:110209:combined_moderate:3.00:0,combined_moderate:110209:combined_moderate:3.00,110209,combined_moderate,combined_moderate,3.0,1,0,320171,368171,20.0106875,23.0106875,False,f9a3807c3514c924
combined_moderate:110743:combined_moderate:1.00:0,combined_moderate:110743:combined_moderate:1.00,110743,combined_moderate,combined_moderate,1.0,1,0,287503,303503,17.9689375,18.9689375,False,f9a3807c3514c924
combined_moderate:110743:combined_moderate:2.00:0,combined_moderate:110743:combined_moderate:2.00,110743,combined_moderate,combined_moderate,2.0,1,0,322894,354894,20.180875,22.180875,False,f9a3807c3514c924
combined_moderate:110743:combined_moderate:3.00:0,combined_moderate:110743:combined_moderate:3.00,110743,combined_moderate,combined_moderate,3.0,1,0,304183,352183,19.0114375,22.0114375,False,f9a3807c3514c924
combined_moderate:110744:combined_moderate:1.00:0,combined_moderate:110744:combined_moderate:1.00,110744,combined_moderate,combined_moderate,1.0,1,0,323543,339543,20.2214375,21.2214375,False,f9a3807c3514c924
combined_moderate:110744:combined_moderate:2.00:0,combined_moderate:110744:combined_moderate:2.00,110744,combined_moderate,combined_moderate,2.0,1,0,3151,35151,0.1969375,2.1969375,False,f9a3807c3514c924
combined_moderate:110744:combined_moderate:3.00:0,combined_moderate:110744:combined_moderate:3.00,110744,combined_moderate,combined_moderate,3.0,1,0,137861,185861,8.6163125,11.6163125,False,f9a3807c3514c924
combined_moderate:110756:combined_moderate:1.00:0,combined_moderate:110756:combined_moderate:1.00,110756,combined_moderate,combined_moderate,1.0,1,0,383092,399092,23.94325,24.94325,False,f9a3807c3514c924
combined_moderate:110756:combined_moderate:2.00:0,combined_moderate:110756:combined_moderate:2.00,110756,combined_moderate,combined_moderate,2.0,1,0,281193,313193,17.5745625,19.5745625,False,f9a3807c3514c924
combined_moderate:110756:combined_moderate:3.00:0,combined_moderate:110756:combined_moderate:3.00,110756,combined_moderate,combined_moderate,3.0,1,0,26548,74548,1.65925,4.65925,False,f9a3807c3514c924
combined_moderate:110764:combined_moderate:1.00:0,combined_moderate:110764:combined_moderate:1.00,110764,combined_moderate,combined_moderate,1.0,1,0,65804,81804,4.11275,5.11275,False,f9a3807c3514c924
combined_moderate:110764:combined_moderate:2.00:0,combined_moderate:110764:combined_moderate:2.00,110764,combined_moderate,combined_moderate,2.0,1,0,431412,463412,26.96325,28.96325,False,f9a3807c3514c924
combined_moderate:110764:combined_moderate:3.00:0,combined_moderate:110764:combined_moderate:3.00,110764,combined_moderate,combined_moderate,3.0,1,0,110888,158888,6.9305,9.9305,False,f9a3807c3514c924
combined_moderate:110765:combined_moderate:1.00:0,combined_moderate:110765:combined_moderate:1.00,110765,combined_moderate,combined_moderate,1.0,1,0,457304,473304,28.5815,29.5815,False,f9a3807c3514c924
combined_moderate:110765:combined_moderate:2.00:0,combined_moderate:110765:combined_moderate:2.00,110765,combined_moderate,combined_moderate,2.0,1,0,283997,315997,17.7498125,19.7498125,False,f9a3807c3514c924
combined_moderate:110765:combined_moderate:3.00:0,combined_moderate:110765:combined_moderate:3.00,110765,combined_moderate,combined_moderate,3.0,1,0,340316,388316,21.26975,24.26975,False,f9a3807c3514c924
combined_moderate:110768:combined_moderate:1.00:0,combined_moderate:110768:combined_moderate:1.00,110768,combined_moderate,combined_moderate,1.0,1,0,337083,353083,21.0676875,22.0676875,False,f9a3807c3514c924
combined_moderate:110768:combined_moderate:2.00:0,combined_moderate:110768:combined_moderate:2.00,110768,combined_moderate,combined_moderate,2.0,1,0,86356,118356,5.39725,7.39725,False,f9a3807c3514c924
combined_moderate:110768:combined_moderate:3.00:0,combined_moderate:110768:combined_moderate:3.00,110768,combined_moderate,combined_moderate,3.0,1,0,318903,366903,19.9314375,22.9314375,False,f9a3807c3514c924
combined_moderate:110771:combined_moderate:1.00:0,combined_moderate:110771:combined_moderate:1.00,110771,combined_moderate,combined_moderate,1.0,1,0,164722,180722,10.295125,11.295125,False,f9a3807c3514c924
combined_moderate:110771:combined_moderate:2.00:0,combined_moderate:110771:combined_moderate:2.00,110771,combined_moderate,combined_moderate,2.0,1,0,392313,424313,24.5195625,26.5195625,False,f9a3807c3514c924
combined_moderate:110771:combined_moderate:3.00:0,combined_moderate:110771:combined_moderate:3.00,110771,combined_moderate,combined_moderate,3.0,1,0,357006,405006,22.312875,25.312875,False,f9a3807c3514c924
combined_moderate:110772:combined_moderate:1.00:0,combined_moderate:110772:combined_moderate:1.00,110772,combined_moderate,combined_moderate,1.0,1,0,11352,27352,0.7095,1.7095,False,f9a3807c3514c924
combined_moderate:110772:combined_moderate:2.00:0,combined_moderate:110772:combined_moderate:2.00,110772,combined_moderate,combined_moderate,2.0,1,0,85794,117794,5.362125,7.362125,False,f9a3807c3514c924
combined_moderate:110772:combined_moderate:3.00:0,combined_moderate:110772:combined_moderate:3.00,110772,combined_moderate,combined_moderate,3.0,1,0,396342,444342,24.771375,27.771375,False,f9a3807c3514c924
combined_moderate:110774:combined_moderate:1.00:0,combined_moderate:110774:combined_moderate:1.00,110774,combined_moderate,combined_moderate,1.0,1,0,171005,187005,10.6878125,11.6878125,False,f9a3807c3514c924
combined_moderate:110774:combined_moderate:2.00:0,combined_moderate:110774:combined_moderate:2.00,110774,combined_moderate,combined_moderate,2.0,1,0,3664,35664,0.229,2.229,False,f9a3807c3514c924
combined_moderate:110774:combined_moderate:3.00:0,combined_moderate:110774:combined_moderate:3.00,110774,combined_moderate,combined_moderate,3.0,1,0,42284,90284,2.64275,5.64275,False,f9a3807c3514c924
combined_moderate:110775:combined_moderate:1.00:0,combined_moderate:110775:combined_moderate:1.00,110775,combined_moderate,combined_moderate,1.0,1,0,299261,315261,18.7038125,19.7038125,False,f9a3807c3514c924
combined_moderate:110775:combined_moderate:2.00:0,combined_moderate:110775:combined_moderate:2.00,110775,combined_moderate,combined_moderate,2.0,1,0,295432,327432,18.4645,20.4645,False,f9a3807c3514c924
combined_moderate:110775:combined_moderate:3.00:0,combined_moderate:110775:combined_moderate:3.00,110775,combined_moderate,combined_moderate,3.0,1,0,166537,214537,10.4085625,13.4085625,False,f9a3807c3514c924
combined_moderate:110776:combined_moderate:1.00:0,combined_moderate:110776:combined_moderate:1.00,110776,combined_moderate,combined_moderate,1.0,1,0,385035,401035,24.0646875,25.0646875,False,f9a3807c3514c924
combined_moderate:110776:combined_moderate:2.00:0,combined_moderate:110776:combined_moderate:2.00,110776,combined_moderate,combined_moderate,2.0,1,0,10190,42190,0.636875,2.636875,False,f9a3807c3514c924
combined_moderate:110776:combined_moderate:3.00:0,combined_moderate:110776:combined_moderate:3.00,110776,combined_moderate,combined_moderate,3.0,1,0,154314,202314,9.644625,12.644625,False,f9a3807c3514c924
combined_moderate:110777:combined_moderate:1.00:0,combined_moderate:110777:combined_moderate:1.00,110777,combined_moderate,combined_moderate,1.0,1,0,410800,426800,25.675,26.675,False,f9a3807c3514c924
combined_moderate:110777:combined_moderate:2.00:0,combined_moderate:110777:combined_moderate:2.00,110777,combined_moderate,combined_moderate,2.0,1,0,129198,161198,8.074875,10.074875,False,f9a3807c3514c924
combined_moderate:110777:combined_moderate:3.00:0,combined_moderate:110777:combined_moderate:3.00,110777,combined_moderate,combined_moderate,3.0,1,0,299213,347213,18.7008125,21.7008125,False,f9a3807c3514c924
combined_moderate:110778:combined_moderate:1.00:0,combined_moderate:110778:combined_moderate:1.00,110778,combined_moderate,combined_moderate,1.0,1,0,41266,57266,2.579125,3.579125,False,f9a3807c3514c924
combined_moderate:110778:combined_moderate:2.00:0,combined_moderate:110778:combined_moderate:2.00,110778,combined_moderate,combined_moderate,2.0,1,0,25731,57731,1.6081875,3.6081875,False,f9a3807c3514c924
combined_moderate:110778:combined_moderate:3.00:0,combined_moderate:110778:combined_moderate:3.00,110778,combined_moderate,combined_moderate,3.0,1,0,99485,147485,6.2178125,9.2178125,False,f9a3807c3514c924
combined_moderate:110779:combined_moderate:1.00:0,combined_moderate:110779:combined_moderate:1.00,110779,combined_moderate,combined_moderate,1.0,1,0,439023,455023,27.4389375,28.4389375,False,f9a3807c3514c924
combined_moderate:110779:combined_moderate:2.00:0,combined_moderate:110779:combined_moderate:2.00,110779,combined_moderate,combined_moderate,2.0,1,0,362830,394830,22.676875,24.676875,False,f9a3807c3514c924
combined_moderate:110779:combined_moderate:3.00:0,combined_moderate:110779:combined_moderate:3.00,110779,combined_moderate,combined_moderate,3.0,1,0,297343,345343,18.5839375,21.5839375,False,f9a3807c3514c924
combined_moderate:111146:combined_moderate:1.00:0,combined_moderate:111146:combined_moderate:1.00,111146,combined_moderate,combined_moderate,1.0,1,0,61318,77318,3.832375,4.832375,False,f9a3807c3514c924
combined_moderate:111146:combined_moderate:2.00:0,combined_moderate:111146:combined_moderate:2.00,111146,combined_moderate,combined_moderate,2.0,1,0,119910,151910,7.494375,9.494375,False,f9a3807c3514c924
combined_moderate:111146:combined_moderate:3.00:0,combined_moderate:111146:combined_moderate:3.00,111146,combined_moderate,combined_moderate,3.0,1,0,347304,395304,21.7065,24.7065,False,f9a3807c3514c924
combined_moderate:111147:combined_moderate:1.00:0,combined_moderate:111147:combined_moderate:1.00,111147,combined_moderate,combined_moderate,1.0,1,0,456294,472294,28.518375,29.518375,False,f9a3807c3514c924
combined_moderate:111147:combined_moderate:2.00:0,combined_moderate:111147:combined_moderate:2.00,111147,combined_moderate,combined_moderate,2.0,1,0,99878,131878,6.242375,8.242375,False,f9a3807c3514c924
combined_moderate:111147:combined_moderate:3.00:0,combined_moderate:111147:combined_moderate:3.00,111147,combined_moderate,combined_moderate,3.0,1,0,56677,104677,3.5423125,6.5423125,False,f9a3807c3514c924
combined_moderate:111148:combined_moderate:1.00:0,combined_moderate:111148:combined_moderate:1.00,111148,combined_moderate,combined_moderate,1.0,1,0,153304,169304,9.5815,10.5815,False,f9a3807c3514c924
combined_moderate:111148:combined_moderate:2.00:0,combined_moderate:111148:combined_moderate:2.00,111148,combined_moderate,combined_moderate,2.0,1,0,42605,74605,2.6628125,4.6628125,False,f9a3807c3514c924
combined_moderate:111148:combined_moderate:3.00:0,combined_moderate:111148:combined_moderate:3.00,111148,combined_moderate,combined_moderate,3.0,1,0,276486,324486,17.280375,20.280375,False,f9a3807c3514c924
combined_moderate:111149:combined_moderate:1.00:0,combined_moderate:111149:combined_moderate:1.00,111149,combined_moderate,combined_moderate,1.0,1,0,29246,45246,1.827875,2.827875,False,f9a3807c3514c924
combined_moderate:111149:combined_moderate:2.00:0,combined_moderate:111149:combined_moderate:2.00,111149,combined_moderate,combined_moderate,2.0,1,0,50834,82834,3.177125,5.177125,False,f9a3807c3514c924
combined_moderate:111149:combined_moderate:3.00:0,combined_moderate:111149:combined_moderate:3.00,111149,combined_moderate,combined_moderate,3.0,1,0,151379,199379,9.4611875,12.4611875,False,f9a3807c3514c924
combined_moderate:111150:combined_moderate:1.00:0,combined_moderate:111150:combined_moderate:1.00,111150,combined_moderate,combined_moderate,1.0,1,0,96893,112893,6.0558125,7.0558125,False,f9a3807c3514c924
combined_moderate:111150:combined_moderate:2.00:0,combined_moderate:111150:combined_moderate:2.00,111150,combined_moderate,combined_moderate,2.0,1,0,116730,148730,7.295625,9.295625,False,f9a3807c3514c924
combined_moderate:111150:combined_moderate:3.00:0,combined_moderate:111150:combined_moderate:3.00,111150,combined_moderate,combined_moderate,3.0,1,0,354865,402865,22.1790625,25.1790625,False,f9a3807c3514c924
combined_moderate:111151:combined_moderate:1.00:0,combined_moderate:111151:combined_moderate:1.00,111151,combined_moderate,combined_moderate,1.0,1,0,57276,73276,3.57975,4.57975,False,f9a3807c3514c924
combined_moderate:111151:combined_moderate:2.00:0,combined_moderate:111151:combined_moderate:2.00,111151,combined_moderate,combined_moderate,2.0,1,0,104534,136534,6.533375,8.533375,False,f9a3807c3514c924
combined_moderate:111151:combined_moderate:3.00:0,combined_moderate:111151:combined_moderate:3.00,111151,combined_moderate,combined_moderate,3.0,1,0,13975,61975,0.8734375,3.8734375,False,f9a3807c3514c924
combined_moderate:111153:combined_moderate:1.00:0,combined_moderate:111153:combined_moderate:1.00,111153,combined_moderate,combined_moderate,1.0,1,0,435014,451014,27.188375,28.188375,False,f9a3807c3514c924
combined_moderate:111153:combined_moderate:2.00:0,combined_moderate:111153:combined_moderate:2.00,111153,combined_moderate,combined_moderate,2.0,1,0,385171,417171,24.0731875,26.0731875,False,f9a3807c3514c924
combined_moderate:111153:combined_moderate:3.00:0,combined_moderate:111153:combined_moderate:3.00,111153,combined_moderate,combined_moderate,3.0,1,0,425029,473029,26.5643125,29.5643125,False,f9a3807c3514c924
combined_moderate:111154:combined_moderate:1.00:0,combined_moderate:111154:combined_moderate:1.00,111154,combined_moderate,combined_moderate,1.0,1,0,29851,45851,1.8656875,2.8656875,False,f9a3807c3514c924
combined_moderate:111154:combined_moderate:2.00:0,combined_moderate:111154:combined_moderate:2.00,111154,combined_moderate,combined_moderate,2.0,1,0,12450,44450,0.778125,2.778125,False,f9a3807c3514c924
combined_moderate:111154:combined_moderate:3.00:0,combined_moderate:111154:combined_moderate:3.00,111154,combined_moderate,combined_moderate,3.0,1,0,304724,352724,19.04525,22.04525,False,f9a3807c3514c924
combined_moderate:111216:combined_moderate:1.00:0,combined_moderate:111216:combined_moderate:1.00,111216,combined_moderate,combined_moderate,1.0,1,0,383401,399401,23.9625625,24.9625625,False,f9a3807c3514c924
combined_moderate:111216:combined_moderate:2.00:0,combined_moderate:111216:combined_moderate:2.00,111216,combined_moderate,combined_moderate,2.0,1,0,413464,445464,25.8415,27.8415,False,f9a3807c3514c924
combined_moderate:111216:combined_moderate:3.00:0,combined_moderate:111216:combined_moderate:3.00,111216,combined_moderate,combined_moderate,3.0,1,0,267827,315827,16.7391875,19.7391875,False,f9a3807c3514c924
combined_moderate:111934:combined_moderate:1.00:0,combined_moderate:111934:combined_moderate:1.00,111934,combined_moderate,combined_moderate,1.0,1,0,316620,332620,19.78875,20.78875,False,f9a3807c3514c924
combined_moderate:111934:combined_moderate:2.00:0,combined_moderate:111934:combined_moderate:2.00,111934,combined_moderate,combined_moderate,2.0,1,0,293335,325335,18.3334375,20.3334375,False,f9a3807c3514c924
combined_moderate:111934:combined_moderate:3.00:0,combined_moderate:111934:combined_moderate:3.00,111934,combined_moderate,combined_moderate,3.0,1,0,260566,308566,16.285375,19.285375,False,f9a3807c3514c924
combined_moderate:111935:combined_moderate:1.00:0,combined_moderate:111935:combined_moderate:1.00,111935,combined_moderate,combined_moderate,1.0,1,0,350476,366476,21.90475,22.90475,False,f9a3807c3514c924
combined_moderate:111935:combined_moderate:2.00:0,combined_moderate:111935:combined_moderate:2.00,111935,combined_moderate,combined_moderate,2.0,1,0,113845,145845,7.1153125,9.1153125,False,f9a3807c3514c924
combined_moderate:111935:combined_moderate:3.00:0,combined_moderate:111935:combined_moderate:3.00,111935,combined_moderate,combined_moderate,3.0,1,0,121349,169349,7.5843125,10.5843125,False,f9a3807c3514c924
combined_moderate:111936:combined_moderate:1.00:0,combined_moderate:111936:combined_moderate:1.00,111936,combined_moderate,combined_moderate,1.0,1,0,67311,83311,4.2069375,5.2069375,False,f9a3807c3514c924
combined_moderate:111936:combined_moderate:2.00:0,combined_moderate:111936:combined_moderate:2.00,111936,combined_moderate,combined_moderate,2.0,1,0,13330,45330,0.833125,2.833125,False,f9a3807c3514c924
combined_moderate:111936:combined_moderate:3.00:0,combined_moderate:111936:combined_moderate:3.00,111936,combined_moderate,combined_moderate,3.0,1,0,26870,74870,1.679375,4.679375,False,f9a3807c3514c924
combined_moderate:111937:combined_moderate:1.00:0,combined_moderate:111937:combined_moderate:1.00,111937,combined_moderate,combined_moderate,1.0,1,0,153397,169397,9.5873125,10.5873125,False,f9a3807c3514c924
combined_moderate:111937:combined_moderate:2.00:0,combined_moderate:111937:combined_moderate:2.00,111937,combined_moderate,combined_moderate,2.0,1,0,138644,170644,8.66525,10.66525,False,f9a3807c3514c924
combined_moderate:111937:combined_moderate:3.00:0,combined_moderate:111937:combined_moderate:3.00,111937,combined_moderate,combined_moderate,3.0,1,0,307650,355650,19.228125,22.228125,False,f9a3807c3514c924
combined_moderate:111938:combined_moderate:1.00:0,combined_moderate:111938:combined_moderate:1.00,111938,combined_moderate,combined_moderate,1.0,1,0,123555,139555,7.7221875,8.7221875,False,f9a3807c3514c924
combined_moderate:111938:combined_moderate:2.00:0,combined_moderate:111938:combined_moderate:2.00,111938,combined_moderate,combined_moderate,2.0,1,0,144583,176583,9.0364375,11.0364375,False,f9a3807c3514c924
combined_moderate:111938:combined_moderate:3.00:0,combined_moderate:111938:combined_moderate:3.00,111938,combined_moderate,combined_moderate,3.0,1,0,139369,187369,8.7105625,11.7105625,False,f9a3807c3514c924
combined_moderate:111994:combined_moderate:1.00:0,combined_moderate:111994:combined_moderate:1.00,111994,combined_moderate,combined_moderate,1.0,1,0,393044,409044,24.56525,25.56525,False,f9a3807c3514c924
combined_moderate:111994:combined_moderate:2.00:0,combined_moderate:111994:combined_moderate:2.00,111994,combined_moderate,combined_moderate,2.0,1,0,116576,148576,7.286,9.286,False,f9a3807c3514c924
combined_moderate:111994:combined_moderate:3.00:0,combined_moderate:111994:combined_moderate:3.00,111994,combined_moderate,combined_moderate,3.0,1,0,301958,349958,18.872375,21.872375,False,f9a3807c3514c924
combined_moderate:112000:combined_moderate:1.00:0,combined_moderate:112000:combined_moderate:1.00,112000,combined_moderate,combined_moderate,1.0,1,0,364858,380858,22.803625,23.803625,False,f9a3807c3514c924
combined_moderate:112000:combined_moderate:2.00:0,combined_moderate:112000:combined_moderate:2.00,112000,combined_moderate,combined_moderate,2.0,1,0,395101,427101,24.6938125,26.6938125,False,f9a3807c3514c924
combined_moderate:112000:combined_moderate:3.00:0,combined_moderate:112000:combined_moderate:3.00,112000,combined_moderate,combined_moderate,3.0,1,0,2507,50507,0.1566875,3.1566875,False,f9a3807c3514c924
combined_moderate:112001:combined_moderate:1.00:0,combined_moderate:112001:combined_moderate:1.00,112001,combined_moderate,combined_moderate,1.0,1,0,40657,56657,2.5410625,3.5410625,False,f9a3807c3514c924
combined_moderate:112001:combined_moderate:2.00:0,combined_moderate:112001:combined_moderate:2.00,112001,combined_moderate,combined_moderate,2.0,1,0,35736,67736,2.2335,4.2335,False,f9a3807c3514c924
combined_moderate:112001:combined_moderate:3.00:0,combined_moderate:112001:combined_moderate:3.00,112001,combined_moderate,combined_moderate,3.0,1,0,127949,175949,7.9968125,10.9968125,False,f9a3807c3514c924
combined_moderate:112468:combined_moderate:1.00:0,combined_moderate:112468:combined_moderate:1.00,112468,combined_moderate,combined_moderate,1.0,1,0,391168,407168,24.448,25.448,False,f9a3807c3514c924
combined_moderate:112468:combined_moderate:2.00:0,combined_moderate:112468:combined_moderate:2.00,112468,combined_moderate,combined_moderate,2.0,1,0,304224,336224,19.014,21.014,False,f9a3807c3514c924
combined_moderate:112468:combined_moderate:3.00:0,combined_moderate:112468:combined_moderate:3.00,112468,combined_moderate,combined_moderate,3.0,1,0,16072,64072,1.0045,4.0045,False,f9a3807c3514c924
combined_moderate:112481:combined_moderate:1.00:0,combined_moderate:112481:combined_moderate:1.00,112481,combined_moderate,combined_moderate,1.0,1,0,444079,460079,27.7549375,28.7549375,False,f9a3807c3514c924
combined_moderate:112481:combined_moderate:2.00:0,combined_moderate:112481:combined_moderate:2.00,112481,combined_moderate,combined_moderate,2.0,1,0,10885,42885,0.6803125,2.6803125,False,f9a3807c3514c924
combined_moderate:112481:combined_moderate:3.00:0,combined_moderate:112481:combined_moderate:3.00,112481,combined_moderate,combined_moderate,3.0,1,0,412074,460074,25.754625,28.754625,False,f9a3807c3514c924
combined_moderate:112483:combined_moderate:1.00:0,combined_moderate:112483:combined_moderate:1.00,112483,combined_moderate,combined_moderate,1.0,1,0,402081,418081,25.1300625,26.1300625,False,f9a3807c3514c924
combined_moderate:112483:combined_moderate:2.00:0,combined_moderate:112483:combined_moderate:2.00,112483,combined_moderate,combined_moderate,2.0,1,0,404427,436427,25.2766875,27.2766875,False,f9a3807c3514c924
combined_moderate:112483:combined_moderate:3.00:0,combined_moderate:112483:combined_moderate:3.00,112483,combined_moderate,combined_moderate,3.0,1,0,402292,450292,25.14325,28.14325,False,f9a3807c3514c924
combined_moderate:112484:combined_moderate:1.00:0,combined_moderate:112484:combined_moderate:1.00,112484,combined_moderate,combined_moderate,1.0,1,0,347211,363211,21.7006875,22.7006875,False,f9a3807c3514c924
combined_moderate:112484:combined_moderate:2.00:0,combined_moderate:112484:combined_moderate:2.00,112484,combined_moderate,combined_moderate,2.0,1,0,393060,425060,24.56625,26.56625,False,f9a3807c3514c924
combined_moderate:112484:combined_moderate:3.00:0,combined_moderate:112484:combined_moderate:3.00,112484,combined_moderate,combined_moderate,3.0,1,0,397170,445170,24.823125,27.823125,False,f9a3807c3514c924
combined_moderate:112485:combined_moderate:1.00:0,combined_moderate:112485:combined_moderate:1.00,112485,combined_moderate,combined_moderate,1.0,1,0,168786,184786,10.549125,11.549125,False,f9a3807c3514c924
combined_moderate:112485:combined_moderate:2.00:0,combined_moderate:112485:combined_moderate:2.00,112485,combined_moderate,combined_moderate,2.0,1,0,278796,310796,17.42475,19.42475,False,f9a3807c3514c924
combined_moderate:112485:combined_moderate:3.00:0,combined_moderate:112485:combined_moderate:3.00,112485,combined_moderate,combined_moderate,3.0,1,0,52271,100271,3.2669375,6.2669375,False,f9a3807c3514c924
combined_moderate:112486:combined_moderate:1.00:0,combined_moderate:112486:combined_moderate:1.00,112486,combined_moderate,combined_moderate,1.0,1,0,20372,36372,1.27325,2.27325,False,f9a3807c3514c924
combined_moderate:112486:combined_moderate:2.00:0,combined_moderate:112486:combined_moderate:2.00,112486,combined_moderate,combined_moderate,2.0,1,0,409503,441503,25.5939375,27.5939375,False,f9a3807c3514c924
combined_moderate:112486:combined_moderate:3.00:0,combined_moderate:112486:combined_moderate:3.00,112486,combined_moderate,combined_moderate,3.0,1,0,31510,79510,1.969375,4.969375,False,f9a3807c3514c924
combined_moderate:112487:combined_moderate:1.00:0,combined_moderate:112487:combined_moderate:1.00,112487,combined_moderate,combined_moderate,1.0,1,0,452325,468325,28.2703125,29.2703125,False,f9a3807c3514c924
combined_moderate:112487:combined_moderate:2.00:0,combined_moderate:112487:combined_moderate:2.00,112487,combined_moderate,combined_moderate,2.0,1,0,277353,309353,17.3345625,19.3345625,False,f9a3807c3514c924
combined_moderate:112487:combined_moderate:3.00:0,combined_moderate:112487:combined_moderate:3.00,112487,combined_moderate,combined_moderate,3.0,1,0,343172,391172,21.44825,24.44825,False,f9a3807c3514c924
combined_moderate:112488:combined_moderate:1.00:0,combined_moderate:112488:combined_moderate:1.00,112488,combined_moderate,combined_moderate,1.0,1,0,314649,330649,19.6655625,20.6655625,False,f9a3807c3514c924
combined_moderate:112488:combined_moderate:2.00:0,combined_moderate:112488:combined_moderate:2.00,112488,combined_moderate,combined_moderate,2.0,1,0,434889,466889,27.1805625,29.1805625,False,f9a3807c3514c924
combined_moderate:112488:combined_moderate:3.00:0,combined_moderate:112488:combined_moderate:3.00,112488,combined_moderate,combined_moderate,3.0,1,0,73928,121928,4.6205,7.6205,False,f9a3807c3514c924
combined_moderate:112790:combined_moderate:1.00:0,combined_moderate:112790:combined_moderate:1.00,112790,combined_moderate,combined_moderate,1.0,1,0,122640,138640,7.665,8.665,False,f9a3807c3514c924
combined_moderate:112790:combined_moderate:2.00:0,combined_moderate:112790:combined_moderate:2.00,112790,combined_moderate,combined_moderate,2.0,1,0,104045,136045,6.5028125,8.5028125,False,f9a3807c3514c924
combined_moderate:112790:combined_moderate:3.00:0,combined_moderate:112790:combined_moderate:3.00,112790,combined_moderate,combined_moderate,3.0,1,0,129459,177459,8.0911875,11.0911875,False,f9a3807c3514c924
combined_moderate:113262:combined_moderate:1.00:0,combined_moderate:113262:combined_moderate:1.00,113262,combined_moderate,combined_moderate,1.0,1,0,136878,152878,8.554875,9.554875,False,f9a3807c3514c924
combined_moderate:113262:combined_moderate:2.00:0,combined_moderate:113262:combined_moderate:2.00,113262,combined_moderate,combined_moderate,2.0,1,0,395546,427546,24.721625,26.721625,False,f9a3807c3514c924
combined_moderate:113262:combined_moderate:3.00:0,combined_moderate:113262:combined_moderate:3.00,113262,combined_moderate,combined_moderate,3.0,1,0,75578,123578,4.723625,7.723625,False,f9a3807c3514c924
combined_moderate:113273:combined_moderate:1.00:0,combined_moderate:113273:combined_moderate:1.00,113273,combined_moderate,combined_moderate,1.0,1,0,98513,114513,6.1570625,7.1570625,False,f9a3807c3514c924
combined_moderate:113273:combined_moderate:2.00:0,combined_moderate:113273:combined_moderate:2.00,113273,combined_moderate,combined_moderate,2.0,1,0,162775,194775,10.1734375,12.1734375,False,f9a3807c3514c924
combined_moderate:113273:combined_moderate:3.00:0,combined_moderate:113273:combined_moderate:3.00,113273,combined_moderate,combined_moderate,3.0,1,0,65791,113791,4.1119375,7.1119375,False,f9a3807c3514c924
combined_moderate:113274:combined_moderate:1.00:0,combined_moderate:113274:combined_moderate:1.00,113274,combined_moderate,combined_moderate,1.0,1,0,301728,317728,18.858,19.858,False,f9a3807c3514c924
combined_moderate:113274:combined_moderate:2.00:0,combined_moderate:113274:combined_moderate:2.00,113274,combined_moderate,combined_moderate,2.0,1,0,117431,149431,7.3394375,9.3394375,False,f9a3807c3514c924
combined_moderate:113274:combined_moderate:3.00:0,combined_moderate:113274:combined_moderate:3.00,113274,combined_moderate,combined_moderate,3.0,1,0,153841,201841,9.6150625,12.6150625,False,f9a3807c3514c924
combined_moderate:113275:combined_moderate:1.00:0,combined_moderate:113275:combined_moderate:1.00,113275,combined_moderate,combined_moderate,1.0,1,0,413116,429116,25.81975,26.81975,False,f9a3807c3514c924
combined_moderate:113275:combined_moderate:2.00:0,combined_moderate:113275:combined_moderate:2.00,113275,combined_moderate,combined_moderate,2.0,1,0,134061,166061,8.3788125,10.3788125,False,f9a3807c3514c924
combined_moderate:113275:combined_moderate:3.00:0,combined_moderate:113275:combined_moderate:3.00,113275,combined_moderate,combined_moderate,3.0,1,0,113255,161255,7.0784375,10.0784375,False,f9a3807c3514c924
combined_moderate:113279:combined_moderate:1.00:0,combined_moderate:113279:combined_moderate:1.00,113279,combined_moderate,combined_moderate,1.0,1,0,54703,70703,3.4189375,4.4189375,False,f9a3807c3514c924
combined_moderate:113279:combined_moderate:2.00:0,combined_moderate:113279:combined_moderate:2.00,113279,combined_moderate,combined_moderate,2.0,1,0,151821,183821,9.4888125,11.4888125,False,f9a3807c3514c924
combined_moderate:113279:combined_moderate:3.00:0,combined_moderate:113279:combined_moderate:3.00,113279,combined_moderate,combined_moderate,3.0,1,0,107544,155544,6.7215,9.7215,False,f9a3807c3514c924
combined_moderate:114212:combined_moderate:1.00:0,combined_moderate:114212:combined_moderate:1.00,114212,combined_moderate,combined_moderate,1.0,1,0,156353,172353,9.7720625,10.7720625,False,f9a3807c3514c924
combined_moderate:114212:combined_moderate:2.00:0,combined_moderate:114212:combined_moderate:2.00,114212,combined_moderate,combined_moderate,2.0,1,0,88685,120685,5.5428125,7.5428125,False,f9a3807c3514c924
combined_moderate:114212:combined_moderate:3.00:0,combined_moderate:114212:combined_moderate:3.00,114212,combined_moderate,combined_moderate,3.0,1,0,333496,381496,20.8435,23.8435,False,f9a3807c3514c924
combined_moderate:114222:combined_moderate:1.00:0,combined_moderate:114222:combined_moderate:1.00,114222,combined_moderate,combined_moderate,1.0,1,0,285197,301197,17.8248125,18.8248125,False,f9a3807c3514c924
combined_moderate:114222:combined_moderate:2.00:0,combined_moderate:114222:combined_moderate:2.00,114222,combined_moderate,combined_moderate,2.0,1,0,127240,159240,7.9525,9.9525,False,f9a3807c3514c924
combined_moderate:114222:combined_moderate:3.00:0,combined_moderate:114222:combined_moderate:3.00,114222,combined_moderate,combined_moderate,3.0,1,0,8530,56530,0.533125,3.533125,False,f9a3807c3514c924
combined_moderate:114223:combined_moderate:1.00:0,combined_moderate:114223:combined_moderate:1.00,114223,combined_moderate,combined_moderate,1.0,1,0,310510,326510,19.406875,20.406875,False,f9a3807c3514c924
combined_moderate:114223:combined_moderate:2.00:0,combined_moderate:114223:combined_moderate:2.00,114223,combined_moderate,combined_moderate,2.0,1,0,91971,123971,5.7481875,7.7481875,False,f9a3807c3514c924
combined_moderate:114223:combined_moderate:3.00:0,combined_moderate:114223:combined_moderate:3.00,114223,combined_moderate,combined_moderate,3.0,1,0,34351,82351,2.1469375,5.1469375,False,f9a3807c3514c924
combined_moderate:114974:combined_moderate:1.00:0,combined_moderate:114974:combined_moderate:1.00,114974,combined_moderate,combined_moderate,1.0,1,0,345179,361179,21.5736875,22.5736875,False,f9a3807c3514c924
combined_moderate:114974:combined_moderate:2.00:0,combined_moderate:114974:combined_moderate:2.00,114974,combined_moderate,combined_moderate,2.0,1,0,102137,134137,6.3835625,8.3835625,False,f9a3807c3514c924
combined_moderate:114974:combined_moderate:3.00:0,combined_moderate:114974:combined_moderate:3.00,114974,combined_moderate,combined_moderate,3.0,1,0,272746,320746,17.046625,20.046625,False,f9a3807c3514c924
combined_moderate:114976:combined_moderate:1.00:0,combined_moderate:114976:combined_moderate:1.00,114976,combined_moderate,combined_moderate,1.0,1,0,115816,131816,7.2385,8.2385,False,f9a3807c3514c924
combined_moderate:114976:combined_moderate:2.00:0,combined_moderate:114976:combined_moderate:2.00,114976,combined_moderate,combined_moderate,2.0,1,0,70044,102044,4.37775,6.37775,False,f9a3807c3514c924
combined_moderate:114976:combined_moderate:3.00:0,combined_moderate:114976:combined_moderate:3.00,114976,combined_moderate,combined_moderate,3.0,1,0,104600,152600,6.5375,9.5375,False,f9a3807c3514c924
combined_moderate:115002:combined_moderate:1.00:0,combined_moderate:115002:combined_moderate:1.00,115002,combined_moderate,combined_moderate,1.0,1,0,455460,471460,28.46625,29.46625,False,f9a3807c3514c924
combined_moderate:115002:combined_moderate:2.00:0,combined_moderate:115002:combined_moderate:2.00,115002,combined_moderate,combined_moderate,2.0,1,0,290014,322014,18.125875,20.125875,False,f9a3807c3514c924
combined_moderate:115002:combined_moderate:3.00:0,combined_moderate:115002:combined_moderate:3.00,115002,combined_moderate,combined_moderate,3.0,1,0,270776,318776,16.9235,19.9235,False,f9a3807c3514c924
combined_moderate:115011:combined_moderate:1.00:0,combined_moderate:115011:combined_moderate:1.00,115011,combined_moderate,combined_moderate,1.0,1,0,304329,320329,19.0205625,20.0205625,False,f9a3807c3514c924
combined_moderate:115011:combined_moderate:2.00:0,combined_moderate:115011:combined_moderate:2.00,115011,combined_moderate,combined_moderate,2.0,1,0,60426,92426,3.776625,5.776625,False,f9a3807c3514c924
combined_moderate:115011:combined_moderate:3.00:0,combined_moderate:115011:combined_moderate:3.00,115011,combined_moderate,combined_moderate,3.0,1,0,364958,412958,22.809875,25.809875,False,f9a3807c3514c924
combined_moderate:115176:combined_moderate:1.00:0,combined_moderate:115176:combined_moderate:1.00,115176,combined_moderate,combined_moderate,1.0,1,0,79773,95773,4.9858125,5.9858125,False,f9a3807c3514c924
combined_moderate:115176:combined_moderate:2.00:0,combined_moderate:115176:combined_moderate:2.00,115176,combined_moderate,combined_moderate,2.0,1,0,309023,341023,19.3139375,21.3139375,False,f9a3807c3514c924
combined_moderate:115176:combined_moderate:3.00:0,combined_moderate:115176:combined_moderate:3.00,115176,combined_moderate,combined_moderate,3.0,1,0,332481,380481,20.7800625,23.7800625,False,f9a3807c3514c924
combined_moderate:115288:combined_moderate:1.00:0,combined_moderate:115288:combined_moderate:1.00,115288,combined_moderate,combined_moderate,1.0,1,0,460969,476969,28.8105625,29.8105625,False,f9a3807c3514c924
combined_moderate:115288:combined_moderate:2.00:0,combined_moderate:115288:combined_moderate:2.00,115288,combined_moderate,combined_moderate,2.0,1,0,78163,110163,4.8851875,6.8851875,False,f9a3807c3514c924
combined_moderate:115288:combined_moderate:3.00:0,combined_moderate:115288:combined_moderate:3.00,115288,combined_moderate,combined_moderate,3.0,1,0,370128,418128,23.133,26.133,False,f9a3807c3514c924
combined_moderate:115289:combined_moderate:1.00:0,combined_moderate:115289:combined_moderate:1.00,115289,combined_moderate,combined_moderate,1.0,1,0,133382,149382,8.336375,9.336375,False,f9a3807c3514c924
combined_moderate:115289:combined_moderate:2.00:0,combined_moderate:115289:combined_moderate:2.00,115289,combined_moderate,combined_moderate,2.0,1,0,342516,374516,21.40725,23.40725,False,f9a3807c3514c924
combined_moderate:115289:combined_moderate:3.00:0,combined_moderate:115289:combined_moderate:3.00,115289,combined_moderate,combined_moderate,3.0,1,0,149631,197631,9.3519375,12.3519375,False,f9a3807c3514c924
combined_moderate:115290:combined_moderate:1.00:0,combined_moderate:115290:combined_moderate:1.00,115290,combined_moderate,combined_moderate,1.0,1,0,285012,301012,17.81325,18.81325,False,f9a3807c3514c924
combined_moderate:115290:combined_moderate:2.00:0,combined_moderate:115290:combined_moderate:2.00,115290,combined_moderate,combined_moderate,2.0,1,0,13077,45077,0.8173125,2.8173125,False,f9a3807c3514c924
combined_moderate:115290:combined_moderate:3.00:0,combined_moderate:115290:combined_moderate:3.00,115290,combined_moderate,combined_moderate,3.0,1,0,264302,312302,16.518875,19.518875,False,f9a3807c3514c924
combined_moderate:115292:combined_moderate:1.00:0,combined_moderate:115292:combined_moderate:1.00,115292,combined_moderate,combined_moderate,1.0,1,0,292311,308311,18.2694375,19.2694375,False,f9a3807c3514c924
combined_moderate:115292:combined_moderate:2.00:0,combined_moderate:115292:combined_moderate:2.00,115292,combined_moderate,combined_moderate,2.0,1,0,349695,381695,21.8559375,23.8559375,False,f9a3807c3514c924
combined_moderate:115292:combined_moderate:3.00:0,combined_moderate:115292:combined_moderate:3.00,115292,combined_moderate,combined_moderate,3.0,1,0,59510,107510,3.719375,6.719375,False,f9a3807c3514c924
combined_moderate:115293:combined_moderate:1.00:0,combined_moderate:115293:combined_moderate:1.00,115293,combined_moderate,combined_moderate,1.0,1,0,397837,413837,24.8648125,25.8648125,False,f9a3807c3514c924
combined_moderate:115293:combined_moderate:2.00:0,combined_moderate:115293:combined_moderate:2.00,115293,combined_moderate,combined_moderate,2.0,1,0,169967,201967,10.6229375,12.6229375,False,f9a3807c3514c924
combined_moderate:115293:combined_moderate:3.00:0,combined_moderate:115293:combined_moderate:3.00,115293,combined_moderate,combined_moderate,3.0,1,0,124996,172996,7.81225,10.81225,False,f9a3807c3514c924
combined_moderate:115294:combined_moderate:1.00:0,combined_moderate:115294:combined_moderate:1.00,115294,combined_moderate,combined_moderate,1.0,1,0,30409,46409,1.9005625,2.9005625,False,f9a3807c3514c924
combined_moderate:115294:combined_moderate:2.00:0,combined_moderate:115294:combined_moderate:2.00,115294,combined_moderate,combined_moderate,2.0,1,0,21837,53837,1.3648125,3.3648125,False,f9a3807c3514c924
combined_moderate:115294:combined_moderate:3.00:0,combined_moderate:115294:combined_moderate:3.00,115294,combined_moderate,combined_moderate,3.0,1,0,26587,74587,1.6616875,4.6616875,False,f9a3807c3514c924
combined_moderate:115926:combined_moderate:1.00:0,combined_moderate:115926:combined_moderate:1.00,115926,combined_moderate,combined_moderate,1.0,1,0,396984,412984,24.8115,25.8115,False,f9a3807c3514c924
combined_moderate:115926:combined_moderate:2.00:0,combined_moderate:115926:combined_moderate:2.00,115926,combined_moderate,combined_moderate,2.0,1,0,297678,329678,18.604875,20.604875,False,f9a3807c3514c924
combined_moderate:115926:combined_moderate:3.00:0,combined_moderate:115926:combined_moderate:3.00,115926,combined_moderate,combined_moderate,3.0,1,0,355155,403155,22.1971875,25.1971875,False,f9a3807c3514c924
combined_moderate:116175:combined_moderate:1.00:0,combined_moderate:116175:combined_moderate:1.00,116175,combined_moderate,combined_moderate,1.0,1,0,306796,322796,19.17475,20.17475,False,f9a3807c3514c924
combined_moderate:116175:combined_moderate:2.00:0,combined_moderate:116175:combined_moderate:2.00,116175,combined_moderate,combined_moderate,2.0,1,0,377291,409291,23.5806875,25.5806875,False,f9a3807c3514c924
combined_moderate:116175:combined_moderate:3.00:0,combined_moderate:116175:combined_moderate:3.00,116175,combined_moderate,combined_moderate,3.0,1,0,412878,460878,25.804875,28.804875,False,f9a3807c3514c924
combined_moderate:116176:combined_moderate:1.00:0,combined_moderate:116176:combined_moderate:1.00,116176,combined_moderate,combined_moderate,1.0,1,0,92431,108431,5.7769375,6.7769375,False,f9a3807c3514c924
combined_moderate:116176:combined_moderate:2.00:0,combined_moderate:116176:combined_moderate:2.00,116176,combined_moderate,combined_moderate,2.0,1,0,40337,72337,2.5210625,4.5210625,False,f9a3807c3514c924
combined_moderate:116176:combined_moderate:3.00:0,combined_moderate:116176:combined_moderate:3.00,116176,combined_moderate,combined_moderate,3.0,1,0,93989,141989,5.8743125,8.8743125,False,f9a3807c3514c924
combined_moderate:116177:combined_moderate:1.00:0,combined_moderate:116177:combined_moderate:1.00,116177,combined_moderate,combined_moderate,1.0,1,0,156690,172690,9.793125,10.793125,False,f9a3807c3514c924
combined_moderate:116177:combined_moderate:2.00:0,combined_moderate:116177:combined_moderate:2.00,116177,combined_moderate,combined_moderate,2.0,1,0,294297,326297,18.3935625,20.3935625,False,f9a3807c3514c924
combined_moderate:116177:combined_moderate:3.00:0,combined_moderate:116177:combined_moderate:3.00,116177,combined_moderate,combined_moderate,3.0,1,0,16480,64480,1.03,4.03,False,f9a3807c3514c924
combined_moderate:116388:combined_moderate:1.00:0,combined_moderate:116388:combined_moderate:1.00,116388,combined_moderate,combined_moderate,1.0,1,0,438799,454799,27.4249375,28.4249375,False,f9a3807c3514c924
combined_moderate:116388:combined_moderate:2.00:0,combined_moderate:116388:combined_moderate:2.00,116388,combined_moderate,combined_moderate,2.0,1,0,307689,339689,19.2305625,21.2305625,False,f9a3807c3514c924
combined_moderate:116388:combined_moderate:3.00:0,combined_moderate:116388:combined_moderate:3.00,116388,combined_moderate,combined_moderate,3.0,1,0,292538,340538,18.283625,21.283625,False,f9a3807c3514c924
combined_moderate:116389:combined_moderate:1.00:0,combined_moderate:116389:combined_moderate:1.00,116389,combined_moderate,combined_moderate,1.0,1,0,52401,68401,3.2750625,4.2750625,False,f9a3807c3514c924
combined_moderate:116389:combined_moderate:2.00:0,combined_moderate:116389:combined_moderate:2.00,116389,combined_moderate,combined_moderate,2.0,1,0,1209,33209,0.0755625,2.0755625,False,f9a3807c3514c924
combined_moderate:116389:combined_moderate:3.00:0,combined_moderate:116389:combined_moderate:3.00,116389,combined_moderate,combined_moderate,3.0,1,0,114628,162628,7.16425,10.16425,False,f9a3807c3514c924
combined_moderate:116390:combined_moderate:1.00:0,combined_moderate:116390:combined_moderate:1.00,116390,combined_moderate,combined_moderate,1.0,1,0,368335,384335,23.0209375,24.0209375,False,f9a3807c3514c924
combined_moderate:116390:combined_moderate:2.00:0,combined_moderate:116390:combined_moderate:2.00,116390,combined_moderate,combined_moderate,2.0,1,0,397680,429680,24.855,26.855,False,f9a3807c3514c924
combined_moderate:116390:combined_moderate:3.00:0,combined_moderate:116390:combined_moderate:3.00,116390,combined_moderate,combined_moderate,3.0,1,0,124664,172664,7.7915,10.7915,False,f9a3807c3514c924
combined_moderate:116407:combined_moderate:1.00:0,combined_moderate:116407:combined_moderate:1.00,116407,combined_moderate,combined_moderate,1.0,1,0,58947,74947,3.6841875,4.6841875,False,f9a3807c3514c924
combined_moderate:116407:combined_moderate:2.00:0,combined_moderate:116407:combined_moderate:2.00,116407,combined_moderate,combined_moderate,2.0,1,0,162874,194874,10.179625,12.179625,False,f9a3807c3514c924
combined_moderate:116407:combined_moderate:3.00:0,combined_moderate:116407:combined_moderate:3.00,116407,combined_moderate,combined_moderate,3.0,1,0,66153,114153,4.1345625,7.1345625,False,f9a3807c3514c924
combined_moderate:116526:combined_moderate:1.00:0,combined_moderate:116526:combined_moderate:1.00,116526,combined_moderate,combined_moderate,1.0,1,0,134420,150420,8.40125,9.40125,False,f9a3807c3514c924
combined_moderate:116526:combined_moderate:2.00:0,combined_moderate:116526:combined_moderate:2.00,116526,combined_moderate,combined_moderate,2.0,1,0,404036,436036,25.25225,27.25225,False,f9a3807c3514c924
combined_moderate:116526:combined_moderate:3.00:0,combined_moderate:116526:combined_moderate:3.00,116526,combined_moderate,combined_moderate,3.0,1,0,308614,356614,19.288375,22.288375,False,f9a3807c3514c924
combined_moderate:116527:combined_moderate:1.00:0,combined_moderate:116527:combined_moderate:1.00,116527,combined_moderate,combined_moderate,1.0,1,0,444442,460442,27.777625,28.777625,False,f9a3807c3514c924
combined_moderate:116527:combined_moderate:2.00:0,combined_moderate:116527:combined_moderate:2.00,116527,combined_moderate,combined_moderate,2.0,1,0,272020,304020,17.00125,19.00125,False,f9a3807c3514c924
combined_moderate:116527:combined_moderate:3.00:0,combined_moderate:116527:combined_moderate:3.00,116527,combined_moderate,combined_moderate,3.0,1,0,365444,413444,22.84025,25.84025,False,f9a3807c3514c924
combined_moderate:116528:combined_moderate:1.00:0,combined_moderate:116528:combined_moderate:1.00,116528,combined_moderate,combined_moderate,1.0,1,0,320239,336239,20.0149375,21.0149375,False,f9a3807c3514c924
combined_moderate:116528:combined_moderate:2.00:0,combined_moderate:116528:combined_moderate:2.00,116528,combined_moderate,combined_moderate,2.0,1,0,313275,345275,19.5796875,21.5796875,False,f9a3807c3514c924
combined_moderate:116528:combined_moderate:3.00:0,combined_moderate:116528:combined_moderate:3.00,116528,combined_moderate,combined_moderate,3.0,1,0,341438,389438,21.339875,24.339875,False,f9a3807c3514c924
combined_moderate:117251:combined_moderate:1.00:0,combined_moderate:117251:combined_moderate:1.00,117251,combined_moderate,combined_moderate,1.0,1,0,58067,74067,3.6291875,4.6291875,False,f9a3807c3514c924
combined_moderate:117251:combined_moderate:2.00:0,combined_moderate:117251:combined_moderate:2.00,117251,combined_moderate,combined_moderate,2.0,1,0,147912,179912,9.2445,11.2445,False,f9a3807c3514c924
combined_moderate:117251:combined_moderate:3.00:0,combined_moderate:117251:combined_moderate:3.00,117251,combined_moderate,combined_moderate,3.0,1,0,151282,199282,9.455125,12.455125,False,f9a3807c3514c924
combined_moderate:117252:combined_moderate:1.00:0,combined_moderate:117252:combined_moderate:1.00,117252,combined_moderate,combined_moderate,1.0,1,0,103710,119710,6.481875,7.481875,False,f9a3807c3514c924
combined_moderate:117252:combined_moderate:2.00:0,combined_moderate:117252:combined_moderate:2.00,117252,combined_moderate,combined_moderate,2.0,1,0,284404,316404,17.77525,19.77525,False,f9a3807c3514c924
combined_moderate:117252:combined_moderate:3.00:0,combined_moderate:117252:combined_moderate:3.00,117252,combined_moderate,combined_moderate,3.0,1,0,5260,53260,0.32875,3.32875,False,f9a3807c3514c924
combined_moderate:117253:combined_moderate:1.00:0,combined_moderate:117253:combined_moderate:1.00,117253,combined_moderate,combined_moderate,1.0,1,0,128455,144455,8.0284375,9.0284375,False,f9a3807c3514c924
combined_moderate:117253:combined_moderate:2.00:0,combined_moderate:117253:combined_moderate:2.00,117253,combined_moderate,combined_moderate,2.0,1,0,99142,131142,6.196375,8.196375,False,f9a3807c3514c924
combined_moderate:117253:combined_moderate:3.00:0,combined_moderate:117253:combined_moderate:3.00,117253,combined_moderate,combined_moderate,3.0,1,0,299014,347014,18.688375,21.688375,False,f9a3807c3514c924
combined_moderate:117626:combined_moderate:1.00:0,combined_moderate:117626:combined_moderate:1.00,117626,combined_moderate,combined_moderate,1.0,1,0,288701,304701,18.0438125,19.0438125,False,f9a3807c3514c924
combined_moderate:117626:combined_moderate:2.00:0,combined_moderate:117626:combined_moderate:2.00,117626,combined_moderate,combined_moderate,2.0,1,0,271725,303725,16.9828125,18.9828125,False,f9a3807c3514c924
combined_moderate:117626:combined_moderate:3.00:0,combined_moderate:117626:combined_moderate:3.00,117626,combined_moderate,combined_moderate,3.0,1,0,28268,76268,1.76675,4.76675,False,f9a3807c3514c924
combined_moderate:117883:combined_moderate:1.00:0,combined_moderate:117883:combined_moderate:1.00,117883,combined_moderate,combined_moderate,1.0,1,0,7996,23996,0.49975,1.49975,False,f9a3807c3514c924
combined_moderate:117883:combined_moderate:2.00:0,combined_moderate:117883:combined_moderate:2.00,117883,combined_moderate,combined_moderate,2.0,1,0,286118,318118,17.882375,19.882375,False,f9a3807c3514c924
combined_moderate:117883:combined_moderate:3.00:0,combined_moderate:117883:combined_moderate:3.00,117883,combined_moderate,combined_moderate,3.0,1,0,60324,108324,3.77025,6.77025,False,f9a3807c3514c924
combined_moderate:117884:combined_moderate:1.00:0,combined_moderate:117884:combined_moderate:1.00,117884,combined_moderate,combined_moderate,1.0,1,0,29261,45261,1.8288125,2.8288125,False,f9a3807c3514c924
combined_moderate:117884:combined_moderate:2.00:0,combined_moderate:117884:combined_moderate:2.00,117884,combined_moderate,combined_moderate,2.0,1,0,375780,407780,23.48625,25.48625,False,f9a3807c3514c924
combined_moderate:117884:combined_moderate:3.00:0,combined_moderate:117884:combined_moderate:3.00,117884,combined_moderate,combined_moderate,3.0,1,0,50839,98839,3.1774375,6.1774375,False,f9a3807c3514c924
combined_moderate:117885:combined_moderate:1.00:0,combined_moderate:117885:combined_moderate:1.00,117885,combined_moderate,combined_moderate,1.0,1,0,20232,36232,1.2645,2.2645,False,f9a3807c3514c924
combined_moderate:117885:combined_moderate:2.00:0,combined_moderate:117885:combined_moderate:2.00,117885,combined_moderate,combined_moderate,2.0,1,0,334916,366916,20.93225,22.93225,False,f9a3807c3514c924
combined_moderate:117885:combined_moderate:3.00:0,combined_moderate:117885:combined_moderate:3.00,117885,combined_moderate,combined_moderate,3.0,1,0,316437,364437,19.7773125,22.7773125,False,f9a3807c3514c924
combined_moderate:117886:combined_moderate:1.00:0,combined_moderate:117886:combined_moderate:1.00,117886,combined_moderate,combined_moderate,1.0,1,0,170186,186186,10.636625,11.636625,False,f9a3807c3514c924
combined_moderate:117886:combined_moderate:2.00:0,combined_moderate:117886:combined_moderate:2.00,117886,combined_moderate,combined_moderate,2.0,1,0,106269,138269,6.6418125,8.6418125,False,f9a3807c3514c924
combined_moderate:117886:combined_moderate:3.00:0,combined_moderate:117886:combined_moderate:3.00,117886,combined_moderate,combined_moderate,3.0,1,0,361760,409760,22.61,25.61,False,f9a3807c3514c924
combined_moderate:117887:combined_moderate:1.00:0,combined_moderate:117887:combined_moderate:1.00,117887,combined_moderate,combined_moderate,1.0,1,0,411524,427524,25.72025,26.72025,False,f9a3807c3514c924
combined_moderate:117887:combined_moderate:2.00:0,combined_moderate:117887:combined_moderate:2.00,117887,combined_moderate,combined_moderate,2.0,1,0,307949,339949,19.2468125,21.2468125,False,f9a3807c3514c924
combined_moderate:117887:combined_moderate:3.00:0,combined_moderate:117887:combined_moderate:3.00,117887,combined_moderate,combined_moderate,3.0,1,0,400753,448753,25.0470625,28.0470625,False,f9a3807c3514c924
combined_moderate:117943:combined_moderate:1.00:0,combined_moderate:117943:combined_moderate:1.00,117943,combined_moderate,combined_moderate,1.0,1,0,48452,64452,3.02825,4.02825,False,f9a3807c3514c924
combined_moderate:117943:combined_moderate:2.00:0,combined_moderate:117943:combined_moderate:2.00,117943,combined_moderate,combined_moderate,2.0,1,0,291560,323560,18.2225,20.2225,False,f9a3807c3514c924
combined_moderate:117943:combined_moderate:3.00:0,combined_moderate:117943:combined_moderate:3.00,117943,combined_moderate,combined_moderate,3.0,1,0,122307,170307,7.6441875,10.6441875,False,f9a3807c3514c924
combined_moderate:117961:combined_moderate:1.00:0,combined_moderate:117961:combined_moderate:1.00,117961,combined_moderate,combined_moderate,1.0,1,0,435790,451790,27.236875,28.236875,False,f9a3807c3514c924
combined_moderate:117961:combined_moderate:2.00:0,combined_moderate:117961:combined_moderate:2.00,117961,combined_moderate,combined_moderate,2.0,1,0,9297,41297,0.5810625,2.5810625,False,f9a3807c3514c924
combined_moderate:117961:combined_moderate:3.00:0,combined_moderate:117961:combined_moderate:3.00,117961,combined_moderate,combined_moderate,3.0,1,0,420257,468257,26.2660625,29.2660625,False,f9a3807c3514c924
combined_moderate:118505:combined_moderate:1.00:0,combined_moderate:118505:combined_moderate:1.00,118505,combined_moderate,combined_moderate,1.0,1,0,65003,81003,4.0626875,5.0626875,False,f9a3807c3514c924
combined_moderate:118505:combined_moderate:2.00:0,combined_moderate:118505:combined_moderate:2.00,118505,combined_moderate,combined_moderate,2.0,1,0,174909,206909,10.9318125,12.9318125,False,f9a3807c3514c924
combined_moderate:118505:combined_moderate:3.00:0,combined_moderate:118505:combined_moderate:3.00,118505,combined_moderate,combined_moderate,3.0,1,0,33427,81427,2.0891875,5.0891875,False,f9a3807c3514c924
combined_moderate:119584:combined_moderate:1.00:0,combined_moderate:119584:combined_moderate:1.00,119584,combined_moderate,combined_moderate,1.0,1,0,332656,348656,20.791,21.791,False,f9a3807c3514c924
combined_moderate:119584:combined_moderate:2.00:0,combined_moderate:119584:combined_moderate:2.00,119584,combined_moderate,combined_moderate,2.0,1,0,311826,343826,19.489125,21.489125,False,f9a3807c3514c924
combined_moderate:119584:combined_moderate:3.00:0,combined_moderate:119584:combined_moderate:3.00,119584,combined_moderate,combined_moderate,3.0,1,0,270336,318336,16.896,19.896,False,f9a3807c3514c924
combined_moderate:119592:combined_moderate:1.00:0,combined_moderate:119592:combined_moderate:1.00,119592,combined_moderate,combined_moderate,1.0,1,0,74146,90146,4.634125,5.634125,False,f9a3807c3514c924
combined_moderate:119592:combined_moderate:2.00:0,combined_moderate:119592:combined_moderate:2.00,119592,combined_moderate,combined_moderate,2.0,1,0,381503,413503,23.8439375,25.8439375,False,f9a3807c3514c924
combined_moderate:119592:combined_moderate:3.00:0,combined_moderate:119592:combined_moderate:3.00,119592,combined_moderate,combined_moderate,3.0,1,0,276526,324526,17.282875,20.282875,False,f9a3807c3514c924
combined_moderate:119828:combined_moderate:1.00:0,combined_moderate:119828:combined_moderate:1.00,119828,combined_moderate,combined_moderate,1.0,1,0,313236,329236,19.57725,20.57725,False,f9a3807c3514c924
combined_moderate:119828:combined_moderate:2.00:0,combined_moderate:119828:combined_moderate:2.00,119828,combined_moderate,combined_moderate,2.0,1,0,151699,183699,9.4811875,11.4811875,False,f9a3807c3514c924
combined_moderate:119828:combined_moderate:3.00:0,combined_moderate:119828:combined_moderate:3.00,119828,combined_moderate,combined_moderate,3.0,1,0,98329,146329,6.1455625,9.1455625,False,f9a3807c3514c924
combined_moderate:119830:combined_moderate:1.00:0,combined_moderate:119830:combined_moderate:1.00,119830,combined_moderate,combined_moderate,1.0,1,0,281174,297174,17.573375,18.573375,False,f9a3807c3514c924
combined_moderate:119830:combined_moderate:2.00:0,combined_moderate:119830:combined_moderate:2.00,119830,combined_moderate,combined_moderate,2.0,1,0,389711,421711,24.3569375,26.3569375,False,f9a3807c3514c924
combined_moderate:119830:combined_moderate:3.00:0,combined_moderate:119830:combined_moderate:3.00,119830,combined_moderate,combined_moderate,3.0,1,0,274661,322661,17.1663125,20.1663125,False,f9a3807c3514c924
combined_moderate:119831:combined_moderate:1.00:0,combined_moderate:119831:combined_moderate:1.00,119831,combined_moderate,combined_moderate,1.0,1,0,457066,473066,28.566625,29.566625,False,f9a3807c3514c924
combined_moderate:119831:combined_moderate:2.00:0,combined_moderate:119831:combined_moderate:2.00,119831,combined_moderate,combined_moderate,2.0,1,0,430020,462020,26.87625,28.87625,False,f9a3807c3514c924
combined_moderate:119831:combined_moderate:3.00:0,combined_moderate:119831:combined_moderate:3.00,119831,combined_moderate,combined_moderate,3.0,1,0,120799,168799,7.5499375,10.5499375,False,f9a3807c3514c924
combined_moderate:120206:combined_moderate:1.00:0,combined_moderate:120206:combined_moderate:1.00,120206,combined_moderate,combined_moderate,1.0,1,0,330810,346810,20.675625,21.675625,False,f9a3807c3514c924
combined_moderate:120206:combined_moderate:2.00:0,combined_moderate:120206:combined_moderate:2.00,120206,combined_moderate,combined_moderate,2.0,1,0,338452,370452,21.15325,23.15325,False,f9a3807c3514c924
combined_moderate:120206:combined_moderate:3.00:0,combined_moderate:120206:combined_moderate:3.00,120206,combined_moderate,combined_moderate,3.0,1,0,132241,180241,8.2650625,11.2650625,False,f9a3807c3514c924
combined_moderate:121415:combined_moderate:1.00:0,combined_moderate:121415:combined_moderate:1.00,121415,combined_moderate,combined_moderate,1.0,1,0,23538,39538,1.471125,2.471125,False,f9a3807c3514c924
combined_moderate:121415:combined_moderate:2.00:0,combined_moderate:121415:combined_moderate:2.00,121415,combined_moderate,combined_moderate,2.0,1,0,83944,115944,5.2465,7.2465,False,f9a3807c3514c924
combined_moderate:121415:combined_moderate:3.00:0,combined_moderate:121415:combined_moderate:3.00,121415,combined_moderate,combined_moderate,3.0,1,0,295962,343962,18.497625,21.497625,False,f9a3807c3514c924
combined_moderate:121595:combined_moderate:1.00:0,combined_moderate:121595:combined_moderate:1.00,121595,combined_moderate,combined_moderate,1.0,1,0,461679,477679,28.8549375,29.8549375,False,f9a3807c3514c924
combined_moderate:121595:combined_moderate:2.00:0,combined_moderate:121595:combined_moderate:2.00,121595,combined_moderate,combined_moderate,2.0,1,0,16837,48837,1.0523125,3.0523125,False,f9a3807c3514c924
combined_moderate:121595:combined_moderate:3.00:0,combined_moderate:121595:combined_moderate:3.00,121595,combined_moderate,combined_moderate,3.0,1,0,424263,472263,26.5164375,29.5164375,False,f9a3807c3514c924
combined_moderate:121913:combined_moderate:1.00:0,combined_moderate:121913:combined_moderate:1.00,121913,combined_moderate,combined_moderate,1.0,1,0,92964,108964,5.81025,6.81025,False,f9a3807c3514c924
combined_moderate:121913:combined_moderate:2.00:0,combined_moderate:121913:combined_moderate:2.00,121913,combined_moderate,combined_moderate,2.0,1,0,98395,130395,6.1496875,8.1496875,False,f9a3807c3514c924
combined_moderate:121913:combined_moderate:3.00:0,combined_moderate:121913:combined_moderate:3.00,121913,combined_moderate,combined_moderate,3.0,1,0,300991,348991,18.8119375,21.8119375,False,f9a3807c3514c924
combined_moderate:121915:combined_moderate:1.00:0,combined_moderate:121915:combined_moderate:1.00,121915,combined_moderate,combined_moderate,1.0,1,0,120598,136598,7.537375,8.537375,False,f9a3807c3514c924
combined_moderate:121915:combined_moderate:2.00:0,combined_moderate:121915:combined_moderate:2.00,121915,combined_moderate,combined_moderate,2.0,1,0,16623,48623,1.0389375,3.0389375,False,f9a3807c3514c924
combined_moderate:121915:combined_moderate:3.00:0,combined_moderate:121915:combined_moderate:3.00,121915,combined_moderate,combined_moderate,3.0,1,0,34309,82309,2.1443125,5.1443125,False,f9a3807c3514c924
combined_moderate:121922:combined_moderate:1.00:0,combined_moderate:121922:combined_moderate:1.00,121922,combined_moderate,combined_moderate,1.0,1,0,22521,38521,1.4075625,2.4075625,False,f9a3807c3514c924
combined_moderate:121922:combined_moderate:2.00:0,combined_moderate:121922:combined_moderate:2.00,121922,combined_moderate,combined_moderate,2.0,1,0,63547,95547,3.9716875,5.9716875,False,f9a3807c3514c924
combined_moderate:121922:combined_moderate:3.00:0,combined_moderate:121922:combined_moderate:3.00,121922,combined_moderate,combined_moderate,3.0,1,0,379631,427631,23.7269375,26.7269375,False,f9a3807c3514c924
combined_moderate:121926:combined_moderate:1.00:0,combined_moderate:121926:combined_moderate:1.00,121926,combined_moderate,combined_moderate,1.0,1,0,77381,93381,4.8363125,5.8363125,False,f9a3807c3514c924
combined_moderate:121926:combined_moderate:2.00:0,combined_moderate:121926:combined_moderate:2.00,121926,combined_moderate,combined_moderate,2.0,1,0,442488,474488,27.6555,29.6555,False,f9a3807c3514c924
combined_moderate:121926:combined_moderate:3.00:0,combined_moderate:121926:combined_moderate:3.00,121926,combined_moderate,combined_moderate,3.0,1,0,167732,215732,10.48325,13.48325,False,f9a3807c3514c924
combined_moderate:121929:combined_moderate:1.00:0,combined_moderate:121929:combined_moderate:1.00,121929,combined_moderate,combined_moderate,1.0,1,0,351258,367258,21.953625,22.953625,False,f9a3807c3514c924
combined_moderate:121929:combined_moderate:2.00:0,combined_moderate:121929:combined_moderate:2.00,121929,combined_moderate,combined_moderate,2.0,1,0,403524,435524,25.22025,27.22025,False,f9a3807c3514c924
combined_moderate:121929:combined_moderate:3.00:0,combined_moderate:121929:combined_moderate:3.00,121929,combined_moderate,combined_moderate,3.0,1,0,126917,174917,7.9323125,10.9323125,False,f9a3807c3514c924
combined_moderate:121930:combined_moderate:1.00:0,combined_moderate:121930:combined_moderate:1.00,121930,combined_moderate,combined_moderate,1.0,1,0,373613,389613,23.3508125,24.3508125,False,f9a3807c3514c924
combined_moderate:121930:combined_moderate:2.00:0,combined_moderate:121930:combined_moderate:2.00,121930,combined_moderate,combined_moderate,2.0,1,0,31884,63884,1.99275,3.99275,False,f9a3807c3514c924
combined_moderate:121930:combined_moderate:3.00:0,combined_moderate:121930:combined_moderate:3.00,121930,combined_moderate,combined_moderate,3.0,1,0,430565,478565,26.9103125,29.9103125,False,f9a3807c3514c924
combined_moderate:121998:combined_moderate:1.00:0,combined_moderate:121998:combined_moderate:1.00,121998,combined_moderate,combined_moderate,1.0,1,0,326818,342818,20.426125,21.426125,False,f9a3807c3514c924
combined_moderate:121998:combined_moderate:2.00:0,combined_moderate:121998:combined_moderate:2.00,121998,combined_moderate,combined_moderate,2.0,1,0,45498,77498,2.843625,4.843625,False,f9a3807c3514c924
combined_moderate:121998:combined_moderate:3.00:0,combined_moderate:121998:combined_moderate:3.00,121998,combined_moderate,combined_moderate,3.0,1,0,374589,422589,23.4118125,26.4118125,False,f9a3807c3514c924
combined_moderate:122106:combined_moderate:1.00:0,combined_moderate:122106:combined_moderate:1.00,122106,combined_moderate,combined_moderate,1.0,1,0,287827,303827,17.9891875,18.9891875,False,f9a3807c3514c924
combined_moderate:122106:combined_moderate:2.00:0,combined_moderate:122106:combined_moderate:2.00,122106,combined_moderate,combined_moderate,2.0,1,0,297305,329305,18.5815625,20.5815625,False,f9a3807c3514c924
combined_moderate:122106:combined_moderate:3.00:0,combined_moderate:122106:combined_moderate:3.00,122106,combined_moderate,combined_moderate,3.0,1,0,55219,103219,3.4511875,6.4511875,False,f9a3807c3514c924
combined_moderate:122107:combined_moderate:1.00:0,combined_moderate:122107:combined_moderate:1.00,122107,combined_moderate,combined_moderate,1.0,1,0,125948,141948,7.87175,8.87175,False,f9a3807c3514c924
combined_moderate:122107:combined_moderate:2.00:0,combined_moderate:122107:combined_moderate:2.00,122107,combined_moderate,combined_moderate,2.0,1,0,294574,326574,18.410875,20.410875,False,f9a3807c3514c924
combined_moderate:122107:combined_moderate:3.00:0,combined_moderate:122107:combined_moderate:3.00,122107,combined_moderate,combined_moderate,3.0,1,0,164649,212649,10.2905625,13.2905625,False,f9a3807c3514c924
combined_moderate:122143:combined_moderate:1.00:0,combined_moderate:122143:combined_moderate:1.00,122143,combined_moderate,combined_moderate,1.0,1,0,397536,413536,24.846,25.846,False,f9a3807c3514c924
combined_moderate:122143:combined_moderate:2.00:0,combined_moderate:122143:combined_moderate:2.00,122143,combined_moderate,combined_moderate,2.0,1,0,34166,66166,2.135375,4.135375,False,f9a3807c3514c924
combined_moderate:122143:combined_moderate:3.00:0,combined_moderate:122143:combined_moderate:3.00,122143,combined_moderate,combined_moderate,3.0,1,0,105399,153399,6.5874375,9.5874375,False,f9a3807c3514c924
combined_moderate:122155:combined_moderate:1.00:0,combined_moderate:122155:combined_moderate:1.00,122155,combined_moderate,combined_moderate,1.0,1,0,401150,417150,25.071875,26.071875,False,f9a3807c3514c924
combined_moderate:122155:combined_moderate:2.00:0,combined_moderate:122155:combined_moderate:2.00,122155,combined_moderate,combined_moderate,2.0,1,0,98817,130817,6.1760625,8.1760625,False,f9a3807c3514c924
combined_moderate:122155:combined_moderate:3.00:0,combined_moderate:122155:combined_moderate:3.00,122155,combined_moderate,combined_moderate,3.0,1,0,286341,334341,17.8963125,20.8963125,False,f9a3807c3514c924
combined_moderate:122168:combined_moderate:1.00:0,combined_moderate:122168:combined_moderate:1.00,122168,combined_moderate,combined_moderate,1.0,1,0,165322,181322,10.332625,11.332625,False,f9a3807c3514c924
combined_moderate:122168:combined_moderate:2.00:0,combined_moderate:122168:combined_moderate:2.00,122168,combined_moderate,combined_moderate,2.0,1,0,15162,47162,0.947625,2.947625,False,f9a3807c3514c924
combined_moderate:122168:combined_moderate:3.00:0,combined_moderate:122168:combined_moderate:3.00,122168,combined_moderate,combined_moderate,3.0,1,0,398261,446261,24.8913125,27.8913125,False,f9a3807c3514c924
combined_moderate:122510:combined_moderate:1.00:0,combined_moderate:122510:combined_moderate:1.00,122510,combined_moderate,combined_moderate,1.0,1,0,290781,306781,18.1738125,19.1738125,False,f9a3807c3514c924
combined_moderate:122510:combined_moderate:2.00:0,combined_moderate:122510:combined_moderate:2.00,122510,combined_moderate,combined_moderate,2.0,1,0,168059,200059,10.5036875,12.5036875,False,f9a3807c3514c924
combined_moderate:122510:combined_moderate:3.00:0,combined_moderate:122510:combined_moderate:3.00,122510,combined_moderate,combined_moderate,3.0,1,0,124271,172271,7.7669375,10.7669375,False,f9a3807c3514c924
combined_moderate:122511:combined_moderate:1.00:0,combined_moderate:122511:combined_moderate:1.00,122511,combined_moderate,combined_moderate,1.0,1,0,356181,372181,22.2613125,23.2613125,False,f9a3807c3514c924
combined_moderate:122511:combined_moderate:2.00:0,combined_moderate:122511:combined_moderate:2.00,122511,combined_moderate,combined_moderate,2.0,1,0,424764,456764,26.54775,28.54775,False,f9a3807c3514c924
combined_moderate:122511:combined_moderate:3.00:0,combined_moderate:122511:combined_moderate:3.00,122511,combined_moderate,combined_moderate,3.0,1,0,47007,95007,2.9379375,5.9379375,False,f9a3807c3514c924
combined_moderate:124184:combined_moderate:1.00:0,combined_moderate:124184:combined_moderate:1.00,124184,combined_moderate,combined_moderate,1.0,1,0,294738,310738,18.421125,19.421125,False,f9a3807c3514c924
combined_moderate:124184:combined_moderate:2.00:0,combined_moderate:124184:combined_moderate:2.00,124184,combined_moderate,combined_moderate,2.0,1,0,351858,383858,21.991125,23.991125,False,f9a3807c3514c924
combined_moderate:124184:combined_moderate:3.00:0,combined_moderate:124184:combined_moderate:3.00,124184,combined_moderate,combined_moderate,3.0,1,0,132434,180434,8.277125,11.277125,False,f9a3807c3514c924
combined_moderate:124185:combined_moderate:1.00:0,combined_moderate:124185:combined_moderate:1.00,124185,combined_moderate,combined_moderate,1.0,1,0,50046,66046,3.127875,4.127875,False,f9a3807c3514c924
combined_moderate:124185:combined_moderate:2.00:0,combined_moderate:124185:combined_moderate:2.00,124185,combined_moderate,combined_moderate,2.0,1,0,37624,69624,2.3515,4.3515,False,f9a3807c3514c924
combined_moderate:124185:combined_moderate:3.00:0,combined_moderate:124185:combined_moderate:3.00,124185,combined_moderate,combined_moderate,3.0,1,0,403508,451508,25.21925,28.21925,False,f9a3807c3514c924
combined_moderate:124186:combined_moderate:1.00:0,combined_moderate:124186:combined_moderate:1.00,124186,combined_moderate,combined_moderate,1.0,1,0,373305,389305,23.3315625,24.3315625,False,f9a3807c3514c924
combined_moderate:124186:combined_moderate:2.00:0,combined_moderate:124186:combined_moderate:2.00,124186,combined_moderate,combined_moderate,2.0,1,0,347158,379158,21.697375,23.697375,False,f9a3807c3514c924
combined_moderate:124186:combined_moderate:3.00:0,combined_moderate:124186:combined_moderate:3.00,124186,combined_moderate,combined_moderate,3.0,1,0,316776,364776,19.7985,22.7985,False,f9a3807c3514c924
combined_moderate:124391:combined_moderate:1.00:0,combined_moderate:124391:combined_moderate:1.00,124391,combined_moderate,combined_moderate,1.0,1,0,426287,442287,26.6429375,27.6429375,False,f9a3807c3514c924
combined_moderate:124391:combined_moderate:2.00:0,combined_moderate:124391:combined_moderate:2.00,124391,combined_moderate,combined_moderate,2.0,1,0,418850,450850,26.178125,28.178125,False,f9a3807c3514c924
combined_moderate:124391:combined_moderate:3.00:0,combined_moderate:124391:combined_moderate:3.00,124391,combined_moderate,combined_moderate,3.0,1,0,55210,103210,3.450625,6.450625,False,f9a3807c3514c924
combined_moderate:124392:combined_moderate:1.00:0,combined_moderate:124392:combined_moderate:1.00,124392,combined_moderate,combined_moderate,1.0,1,0,391038,407038,24.439875,25.439875,False,f9a3807c3514c924
combined_moderate:124392:combined_moderate:2.00:0,combined_moderate:124392:combined_moderate:2.00,124392,combined_moderate,combined_moderate,2.0,1,0,406145,438145,25.3840625,27.3840625,False,f9a3807c3514c924
combined_moderate:124392:combined_moderate:3.00:0,combined_moderate:124392:combined_moderate:3.00,124392,combined_moderate,combined_moderate,3.0,1,0,27543,75543,1.7214375,4.7214375,False,f9a3807c3514c924
combined_moderate:124393:combined_moderate:1.00:0,combined_moderate:124393:combined_moderate:1.00,124393,combined_moderate,combined_moderate,1.0,1,0,362626,378626,22.664125,23.664125,False,f9a3807c3514c924
combined_moderate:124393:combined_moderate:2.00:0,combined_moderate:124393:combined_moderate:2.00,124393,combined_moderate,combined_moderate,2.0,1,0,351707,383707,21.9816875,23.9816875,False,f9a3807c3514c924
combined_moderate:124393:combined_moderate:3.00:0,combined_moderate:124393:combined_moderate:3.00,124393,combined_moderate,combined_moderate,3.0,1,0,62642,110642,3.915125,6.915125,False,f9a3807c3514c924
combined_moderate:124394:combined_moderate:1.00:0,combined_moderate:124394:combined_moderate:1.00,124394,combined_moderate,combined_moderate,1.0,1,0,449599,465599,28.0999375,29.0999375,False,f9a3807c3514c924
combined_moderate:124394:combined_moderate:2.00:0,combined_moderate:124394:combined_moderate:2.00,124394,combined_moderate,combined_moderate,2.0,1,0,426874,458874,26.679625,28.679625,False,f9a3807c3514c924
combined_moderate:124394:combined_moderate:3.00:0,combined_moderate:124394:combined_moderate:3.00,124394,combined_moderate,combined_moderate,3.0,1,0,137851,185851,8.6156875,11.6156875,False,f9a3807c3514c924
combined_moderate:126240:combined_moderate:1.00:0,combined_moderate:126240:combined_moderate:1.00,126240,combined_moderate,combined_moderate,1.0,1,0,152406,168406,9.525375,10.525375,False,f9a3807c3514c924
combined_moderate:126240:combined_moderate:2.00:0,combined_moderate:126240:combined_moderate:2.00,126240,combined_moderate,combined_moderate,2.0,1,0,174507,206507,10.9066875,12.9066875,False,f9a3807c3514c924
combined_moderate:126240:combined_moderate:3.00:0,combined_moderate:126240:combined_moderate:3.00,126240,combined_moderate,combined_moderate,3.0,1,0,169521,217521,10.5950625,13.5950625,False,f9a3807c3514c924
combined_moderate:126241:combined_moderate:1.00:0,combined_moderate:126241:combined_moderate:1.00,126241,combined_moderate,combined_moderate,1.0,1,0,138051,154051,8.6281875,9.6281875,False,f9a3807c3514c924
combined_moderate:126241:combined_moderate:2.00:0,combined_moderate:126241:combined_moderate:2.00,126241,combined_moderate,combined_moderate,2.0,1,0,97902,129902,6.118875,8.118875,False,f9a3807c3514c924
combined_moderate:126241:combined_moderate:3.00:0,combined_moderate:126241:combined_moderate:3.00,126241,combined_moderate,combined_moderate,3.0,1,0,74713,122713,4.6695625,7.6695625,False,f9a3807c3514c924
combined_moderate:126242:combined_moderate:1.00:0,combined_moderate:126242:combined_moderate:1.00,126242,combined_moderate,combined_moderate,1.0,1,0,447126,463126,27.945375,28.945375,False,f9a3807c3514c924
combined_moderate:126242:combined_moderate:2.00:0,combined_moderate:126242:combined_moderate:2.00,126242,combined_moderate,combined_moderate,2.0,1,0,148857,180857,9.3035625,11.3035625,False,f9a3807c3514c924
combined_moderate:126242:combined_moderate:3.00:0,combined_moderate:126242:combined_moderate:3.00,126242,combined_moderate,combined_moderate,3.0,1,0,284268,332268,17.76675,20.76675,False,f9a3807c3514c924
combined_moderate:126243:combined_moderate:1.00:0,combined_moderate:126243:combined_moderate:1.00,126243,combined_moderate,combined_moderate,1.0,1,0,399320,415320,24.9575,25.9575,False,f9a3807c3514c924
combined_moderate:126243:combined_moderate:2.00:0,combined_moderate:126243:combined_moderate:2.00,126243,combined_moderate,combined_moderate,2.0,1,0,366986,398986,22.936625,24.936625,False,f9a3807c3514c924
combined_moderate:126243:combined_moderate:3.00:0,combined_moderate:126243:combined_moderate:3.00,126243,combined_moderate,combined_moderate,3.0,1,0,400002,448002,25.000125,28.000125,False,f9a3807c3514c924
combined_moderate:126507:combined_moderate:1.00:0,combined_moderate:126507:combined_moderate:1.00,126507,combined_moderate,combined_moderate,1.0,1,0,64709,80709,4.0443125,5.0443125,False,f9a3807c3514c924
combined_moderate:126507:combined_moderate:2.00:0,combined_moderate:126507:combined_moderate:2.00,126507,combined_moderate,combined_moderate,2.0,1,0,306830,338830,19.176875,21.176875,False,f9a3807c3514c924
combined_moderate:126507:combined_moderate:3.00:0,combined_moderate:126507:combined_moderate:3.00,126507,combined_moderate,combined_moderate,3.0,1,0,294136,342136,18.3835,21.3835,False,f9a3807c3514c924
combined_moderate:127180:combined_moderate:1.00:0,combined_moderate:127180:combined_moderate:1.00,127180,combined_moderate,combined_moderate,1.0,1,0,309459,325459,19.3411875,20.3411875,False,f9a3807c3514c924
combined_moderate:127180:combined_moderate:2.00:0,combined_moderate:127180:combined_moderate:2.00,127180,combined_moderate,combined_moderate,2.0,1,0,140734,172734,8.795875,10.795875,False,f9a3807c3514c924
combined_moderate:127180:combined_moderate:3.00:0,combined_moderate:127180:combined_moderate:3.00,127180,combined_moderate,combined_moderate,3.0,1,0,74973,122973,4.6858125,7.6858125,False,f9a3807c3514c924
combined_moderate:127181:combined_moderate:1.00:0,combined_moderate:127181:combined_moderate:1.00,127181,combined_moderate,combined_moderate,1.0,1,0,10296,26296,0.6435,1.6435,False,f9a3807c3514c924
combined_moderate:127181:combined_moderate:2.00:0,combined_moderate:127181:combined_moderate:2.00,127181,combined_moderate,combined_moderate,2.0,1,0,164254,196254,10.265875,12.265875,False,f9a3807c3514c924
combined_moderate:127181:combined_moderate:3.00:0,combined_moderate:127181:combined_moderate:3.00,127181,combined_moderate,combined_moderate,3.0,1,0,96921,144921,6.0575625,9.0575625,False,f9a3807c3514c924
combined_moderate:127182:combined_moderate:1.00:0,combined_moderate:127182:combined_moderate:1.00,127182,combined_moderate,combined_moderate,1.0,1,0,15409,31409,0.9630625,1.9630625,False,f9a3807c3514c924
combined_moderate:127182:combined_moderate:2.00:0,combined_moderate:127182:combined_moderate:2.00,127182,combined_moderate,combined_moderate,2.0,1,0,73725,105725,4.6078125,6.6078125,False,f9a3807c3514c924
combined_moderate:127182:combined_moderate:3.00:0,combined_moderate:127182:combined_moderate:3.00,127182,combined_moderate,combined_moderate,3.0,1,0,346431,394431,21.6519375,24.6519375,False,f9a3807c3514c924
combined_moderate:127183:combined_moderate:1.00:0,combined_moderate:127183:combined_moderate:1.00,127183,combined_moderate,combined_moderate,1.0,1,0,30702,46702,1.918875,2.918875,False,f9a3807c3514c924
combined_moderate:127183:combined_moderate:2.00:0,combined_moderate:127183:combined_moderate:2.00,127183,combined_moderate,combined_moderate,2.0,1,0,345908,377908,21.61925,23.61925,False,f9a3807c3514c924
combined_moderate:127183:combined_moderate:3.00:0,combined_moderate:127183:combined_moderate:3.00,127183,combined_moderate,combined_moderate,3.0,1,0,259999,307999,16.2499375,19.2499375,False,f9a3807c3514c924
combined_moderate:127184:combined_moderate:1.00:0,combined_moderate:127184:combined_moderate:1.00,127184,combined_moderate,combined_moderate,1.0,1,0,374168,390168,23.3855,24.3855,False,f9a3807c3514c924
combined_moderate:127184:combined_moderate:2.00:0,combined_moderate:127184:combined_moderate:2.00,127184,combined_moderate,combined_moderate,2.0,1,0,130077,162077,8.1298125,10.1298125,False,f9a3807c3514c924
combined_moderate:127184:combined_moderate:3.00:0,combined_moderate:127184:combined_moderate:3.00,127184,combined_moderate,combined_moderate,3.0,1,0,88468,136468,5.52925,8.52925,False,f9a3807c3514c924
combined_moderate:127185:combined_moderate:1.00:0,combined_moderate:127185:combined_moderate:1.00,127185,combined_moderate,combined_moderate,1.0,1,0,46943,62943,2.9339375,3.9339375,False,f9a3807c3514c924
combined_moderate:127185:combined_moderate:2.00:0,combined_moderate:127185:combined_moderate:2.00,127185,combined_moderate,combined_moderate,2.0,1,0,322263,354263,20.1414375,22.1414375,False,f9a3807c3514c924
combined_moderate:127185:combined_moderate:3.00:0,combined_moderate:127185:combined_moderate:3.00,127185,combined_moderate,combined_moderate,3.0,1,0,48135,96135,3.0084375,6.0084375,False,f9a3807c3514c924
combined_moderate:127186:combined_moderate:1.00:0,combined_moderate:127186:combined_moderate:1.00,127186,combined_moderate,combined_moderate,1.0,1,0,89860,105860,5.61625,6.61625,False,f9a3807c3514c924
combined_moderate:127186:combined_moderate:2.00:0,combined_moderate:127186:combined_moderate:2.00,127186,combined_moderate,combined_moderate,2.0,1,0,50007,82007,3.1254375,5.1254375,False,f9a3807c3514c924
combined_moderate:127186:combined_moderate:3.00:0,combined_moderate:127186:combined_moderate:3.00,127186,combined_moderate,combined_moderate,3.0,1,0,58519,106519,3.6574375,6.6574375,False,f9a3807c3514c924
combined_moderate:127187:combined_moderate:1.00:0,combined_moderate:127187:combined_moderate:1.00,127187,combined_moderate,combined_moderate,1.0,1,0,303598,319598,18.974875,19.974875,False,f9a3807c3514c924
combined_moderate:127187:combined_moderate:2.00:0,combined_moderate:127187:combined_moderate:2.00,127187,combined_moderate,combined_moderate,2.0,1,0,398862,430862,24.928875,26.928875,False,f9a3807c3514c924
combined_moderate:127187:combined_moderate:3.00:0,combined_moderate:127187:combined_moderate:3.00,127187,combined_moderate,combined_moderate,3.0,1,0,422311,470311,26.3944375,29.3944375,False,f9a3807c3514c924
combined_moderate:127188:combined_moderate:1.00:0,combined_moderate:127188:combined_moderate:1.00,127188,combined_moderate,combined_moderate,1.0,1,0,287904,303904,17.994,18.994,False,f9a3807c3514c924
combined_moderate:127188:combined_moderate:2.00:0,combined_moderate:127188:combined_moderate:2.00,127188,combined_moderate,combined_moderate,2.0,1,0,35266,67266,2.204125,4.204125,False,f9a3807c3514c924
combined_moderate:127188:combined_moderate:3.00:0,combined_moderate:127188:combined_moderate:3.00,127188,combined_moderate,combined_moderate,3.0,1,0,68320,116320,4.27,7.27,False,f9a3807c3514c924
combined_moderate:127189:combined_moderate:1.00:0,combined_moderate:127189:combined_moderate:1.00,127189,combined_moderate,combined_moderate,1.0,1,0,129135,145135,8.0709375,9.0709375,False,f9a3807c3514c924
combined_moderate:127189:combined_moderate:2.00:0,combined_moderate:127189:combined_moderate:2.00,127189,combined_moderate,combined_moderate,2.0,1,0,415441,447441,25.9650625,27.9650625,False,f9a3807c3514c924
combined_moderate:127189:combined_moderate:3.00:0,combined_moderate:127189:combined_moderate:3.00,127189,combined_moderate,combined_moderate,3.0,1,0,99901,147901,6.2438125,9.2438125,False,f9a3807c3514c924
combined_moderate:127330:combined_moderate:1.00:0,combined_moderate:127330:combined_moderate:1.00,127330,combined_moderate,combined_moderate,1.0,1,0,359673,375673,22.4795625,23.4795625,False,f9a3807c3514c924
combined_moderate:127330:combined_moderate:2.00:0,combined_moderate:127330:combined_moderate:2.00,127330,combined_moderate,combined_moderate,2.0,1,0,423100,455100,26.44375,28.44375,False,f9a3807c3514c924
combined_moderate:127330:combined_moderate:3.00:0,combined_moderate:127330:combined_moderate:3.00,127330,combined_moderate,combined_moderate,3.0,1,0,399540,447540,24.97125,27.97125,False,f9a3807c3514c924
combined_moderate:127331:combined_moderate:1.00:0,combined_moderate:127331:combined_moderate:1.00,127331,combined_moderate,combined_moderate,1.0,1,0,62578,78578,3.911125,4.911125,False,f9a3807c3514c924
combined_moderate:127331:combined_moderate:2.00:0,combined_moderate:127331:combined_moderate:2.00,127331,combined_moderate,combined_moderate,2.0,1,0,127210,159210,7.950625,9.950625,False,f9a3807c3514c924
combined_moderate:127331:combined_moderate:3.00:0,combined_moderate:127331:combined_moderate:3.00,127331,combined_moderate,combined_moderate,3.0,1,0,398781,446781,24.9238125,27.9238125,False,f9a3807c3514c924
combined_moderate:127484:combined_moderate:1.00:0,combined_moderate:127484:combined_moderate:1.00,127484,combined_moderate,combined_moderate,1.0,1,0,92850,108850,5.803125,6.803125,False,f9a3807c3514c924
combined_moderate:127484:combined_moderate:2.00:0,combined_moderate:127484:combined_moderate:2.00,127484,combined_moderate,combined_moderate,2.0,1,0,37814,69814,2.363375,4.363375,False,f9a3807c3514c924
combined_moderate:127484:combined_moderate:3.00:0,combined_moderate:127484:combined_moderate:3.00,127484,combined_moderate,combined_moderate,3.0,1,0,59610,107610,3.725625,6.725625,False,f9a3807c3514c924
combined_moderate:127519:combined_moderate:1.00:0,combined_moderate:127519:combined_moderate:1.00,127519,combined_moderate,combined_moderate,1.0,1,0,390268,406268,24.39175,25.39175,False,f9a3807c3514c924
combined_moderate:127519:combined_moderate:2.00:0,combined_moderate:127519:combined_moderate:2.00,127519,combined_moderate,combined_moderate,2.0,1,0,382475,414475,23.9046875,25.9046875,False,f9a3807c3514c924
combined_moderate:127519:combined_moderate:3.00:0,combined_moderate:127519:combined_moderate:3.00,127519,combined_moderate,combined_moderate,3.0,1,0,289842,337842,18.115125,21.115125,False,f9a3807c3514c924
combined_moderate:127520:combined_moderate:1.00:0,combined_moderate:127520:combined_moderate:1.00,127520,combined_moderate,combined_moderate,1.0,1,0,347738,363738,21.733625,22.733625,False,f9a3807c3514c924
combined_moderate:127520:combined_moderate:2.00:0,combined_moderate:127520:combined_moderate:2.00,127520,combined_moderate,combined_moderate,2.0,1,0,273453,305453,17.0908125,19.0908125,False,f9a3807c3514c924
combined_moderate:127520:combined_moderate:3.00:0,combined_moderate:127520:combined_moderate:3.00,127520,combined_moderate,combined_moderate,3.0,1,0,74012,122012,4.62575,7.62575,False,f9a3807c3514c924
combined_moderate:127559:combined_moderate:1.00:0,combined_moderate:127559:combined_moderate:1.00,127559,combined_moderate,combined_moderate,1.0,1,0,279203,295203,17.4501875,18.4501875,False,f9a3807c3514c924
combined_moderate:127559:combined_moderate:2.00:0,combined_moderate:127559:combined_moderate:2.00,127559,combined_moderate,combined_moderate,2.0,1,0,416728,448728,26.0455,28.0455,False,f9a3807c3514c924
combined_moderate:127559:combined_moderate:3.00:0,combined_moderate:127559:combined_moderate:3.00,127559,combined_moderate,combined_moderate,3.0,1,0,377668,425668,23.60425,26.60425,False,f9a3807c3514c924
combined_moderate:128441:combined_moderate:1.00:0,combined_moderate:128441:combined_moderate:1.00,128441,combined_moderate,combined_moderate,1.0,1,0,51132,67132,3.19575,4.19575,False,f9a3807c3514c924
combined_moderate:128441:combined_moderate:2.00:0,combined_moderate:128441:combined_moderate:2.00,128441,combined_moderate,combined_moderate,2.0,1,0,146861,178861,9.1788125,11.1788125,False,f9a3807c3514c924
combined_moderate:128441:combined_moderate:3.00:0,combined_moderate:128441:combined_moderate:3.00,128441,combined_moderate,combined_moderate,3.0,1,0,112196,160196,7.01225,10.01225,False,f9a3807c3514c924
combined_moderate:128878:combined_moderate:1.00:0,combined_moderate:128878:combined_moderate:1.00,128878,combined_moderate,combined_moderate,1.0,1,0,41489,57489,2.5930625,3.5930625,False,f9a3807c3514c924
combined_moderate:128878:combined_moderate:2.00:0,combined_moderate:128878:combined_moderate:2.00,128878,combined_moderate,combined_moderate,2.0,1,0,431722,463722,26.982625,28.982625,False,f9a3807c3514c924
combined_moderate:128878:combined_moderate:3.00:0,combined_moderate:128878:combined_moderate:3.00,128878,combined_moderate,combined_moderate,3.0,1,0,136478,184478,8.529875,11.529875,False,f9a3807c3514c924
combined_moderate:128879:combined_moderate:1.00:0,combined_moderate:128879:combined_moderate:1.00,128879,combined_moderate,combined_moderate,1.0,1,0,440823,456823,27.5514375,28.5514375,False,f9a3807c3514c924
combined_moderate:128879:combined_moderate:2.00:0,combined_moderate:128879:combined_moderate:2.00,128879,combined_moderate,combined_moderate,2.0,1,0,63584,95584,3.974,5.974,False,f9a3807c3514c924
combined_moderate:128879:combined_moderate:3.00:0,combined_moderate:128879:combined_moderate:3.00,128879,combined_moderate,combined_moderate,3.0,1,0,4283,52283,0.2676875,3.2676875,False,f9a3807c3514c924
combined_moderate:128880:combined_moderate:1.00:0,combined_moderate:128880:combined_moderate:1.00,128880,combined_moderate,combined_moderate,1.0,1,0,441176,457176,27.5735,28.5735,False,f9a3807c3514c924
combined_moderate:128880:combined_moderate:2.00:0,combined_moderate:128880:combined_moderate:2.00,128880,combined_moderate,combined_moderate,2.0,1,0,121719,153719,7.6074375,9.6074375,False,f9a3807c3514c924
combined_moderate:128880:combined_moderate:3.00:0,combined_moderate:128880:combined_moderate:3.00,128880,combined_moderate,combined_moderate,3.0,1,0,380778,428778,23.798625,26.798625,False,f9a3807c3514c924
combined_moderate:128881:combined_moderate:1.00:0,combined_moderate:128881:combined_moderate:1.00,128881,combined_moderate,combined_moderate,1.0,1,0,150184,166184,9.3865,10.3865,False,f9a3807c3514c924
combined_moderate:128881:combined_moderate:2.00:0,combined_moderate:128881:combined_moderate:2.00,128881,combined_moderate,combined_moderate,2.0,1,0,289984,321984,18.124,20.124,False,f9a3807c3514c924
combined_moderate:128881:combined_moderate:3.00:0,combined_moderate:128881:combined_moderate:3.00,128881,combined_moderate,combined_moderate,3.0,1,0,29611,77611,1.8506875,4.8506875,False,f9a3807c3514c924
combined_moderate:128882:combined_moderate:1.00:0,combined_moderate:128882:combined_moderate:1.00,128882,combined_moderate,combined_moderate,1.0,1,0,9574,25574,0.598375,1.598375,False,f9a3807c3514c924
combined_moderate:128882:combined_moderate:2.00:0,combined_moderate:128882:combined_moderate:2.00,128882,combined_moderate,combined_moderate,2.0,1,0,59916,91916,3.74475,5.74475,False,f9a3807c3514c924
combined_moderate:128882:combined_moderate:3.00:0,combined_moderate:128882:combined_moderate:3.00,128882,combined_moderate,combined_moderate,3.0,1,0,335445,383445,20.9653125,23.9653125,False,f9a3807c3514c924
combined_moderate:128885:combined_moderate:1.00:0,combined_moderate:128885:combined_moderate:1.00,128885,combined_moderate,combined_moderate,1.0,1,0,90481,106481,5.6550625,6.6550625,False,f9a3807c3514c924
combined_moderate:128885:combined_moderate:2.00:0,combined_moderate:128885:combined_moderate:2.00,128885,combined_moderate,combined_moderate,2.0,1,0,330700,362700,20.66875,22.66875,False,f9a3807c3514c924
combined_moderate:128885:combined_moderate:3.00:0,combined_moderate:128885:combined_moderate:3.00,128885,combined_moderate,combined_moderate,3.0,1,0,262138,310138,16.383625,19.383625,False,f9a3807c3514c924
combined_moderate:128886:combined_moderate:1.00:0,combined_moderate:128886:combined_moderate:1.00,128886,combined_moderate,combined_moderate,1.0,1,0,75743,91743,4.7339375,5.7339375,False,f9a3807c3514c924
combined_moderate:128886:combined_moderate:2.00:0,combined_moderate:128886:combined_moderate:2.00,128886,combined_moderate,combined_moderate,2.0,1,0,345562,377562,21.597625,23.597625,False,f9a3807c3514c924
combined_moderate:128886:combined_moderate:3.00:0,combined_moderate:128886:combined_moderate:3.00,128886,combined_moderate,combined_moderate,3.0,1,0,97213,145213,6.0758125,9.0758125,False,f9a3807c3514c924
combined_moderate:128887:combined_moderate:1.00:0,combined_moderate:128887:combined_moderate:1.00,128887,combined_moderate,combined_moderate,1.0,1,0,55458,71458,3.466125,4.466125,False,f9a3807c3514c924
combined_moderate:128887:combined_moderate:2.00:0,combined_moderate:128887:combined_moderate:2.00,128887,combined_moderate,combined_moderate,2.0,1,0,144713,176713,9.0445625,11.0445625,False,f9a3807c3514c924
combined_moderate:128887:combined_moderate:3.00:0,combined_moderate:128887:combined_moderate:3.00,128887,combined_moderate,combined_moderate,3.0,1,0,300313,348313,18.7695625,21.7695625,False,f9a3807c3514c924
combined_moderate:128888:combined_moderate:1.00:0,combined_moderate:128888:combined_moderate:1.00,128888,combined_moderate,combined_moderate,1.0,1,0,363993,379993,22.7495625,23.7495625,False,f9a3807c3514c924
combined_moderate:128888:combined_moderate:2.00:0,combined_moderate:128888:combined_moderate:2.00,128888,combined_moderate,combined_moderate,2.0,1,0,290470,322470,18.154375,20.154375,False,f9a3807c3514c924
combined_moderate:128888:combined_moderate:3.00:0,combined_moderate:128888:combined_moderate:3.00,128888,combined_moderate,combined_moderate,3.0,1,0,413046,461046,25.815375,28.815375,False,f9a3807c3514c924
combined_moderate:130752:combined_moderate:1.00:0,combined_moderate:130752:combined_moderate:1.00,130752,combined_moderate,combined_moderate,1.0,1,0,139126,155126,8.695375,9.695375,False,f9a3807c3514c924
combined_moderate:130752:combined_moderate:2.00:0,combined_moderate:130752:combined_moderate:2.00,130752,combined_moderate,combined_moderate,2.0,1,0,365830,397830,22.864375,24.864375,False,f9a3807c3514c924
combined_moderate:130752:combined_moderate:3.00:0,combined_moderate:130752:combined_moderate:3.00,130752,combined_moderate,combined_moderate,3.0,1,0,332788,380788,20.79925,23.79925,False,f9a3807c3514c924
combined_moderate:131410:combined_moderate:1.00:0,combined_moderate:131410:combined_moderate:1.00,131410,combined_moderate,combined_moderate,1.0,1,0,83732,99732,5.23325,6.23325,False,f9a3807c3514c924
combined_moderate:131410:combined_moderate:2.00:0,combined_moderate:131410:combined_moderate:2.00,131410,combined_moderate,combined_moderate,2.0,1,0,359601,391601,22.4750625,24.4750625,False,f9a3807c3514c924
combined_moderate:131410:combined_moderate:3.00:0,combined_moderate:131410:combined_moderate:3.00,131410,combined_moderate,combined_moderate,3.0,1,0,96805,144805,6.0503125,9.0503125,False,f9a3807c3514c924
combined_moderate:131476:combined_moderate:1.00:0,combined_moderate:131476:combined_moderate:1.00,131476,combined_moderate,combined_moderate,1.0,1,0,451992,467992,28.2495,29.2495,False,f9a3807c3514c924
combined_moderate:131476:combined_moderate:2.00:0,combined_moderate:131476:combined_moderate:2.00,131476,combined_moderate,combined_moderate,2.0,1,0,23541,55541,1.4713125,3.4713125,False,f9a3807c3514c924
combined_moderate:131476:combined_moderate:3.00:0,combined_moderate:131476:combined_moderate:3.00,131476,combined_moderate,combined_moderate,3.0,1,0,49075,97075,3.0671875,6.0671875,False,f9a3807c3514c924
combined_moderate:131932:combined_moderate:1.00:0,combined_moderate:131932:combined_moderate:1.00,131932,combined_moderate,combined_moderate,1.0,1,0,152571,168571,9.5356875,10.5356875,False,f9a3807c3514c924
combined_moderate:131932:combined_moderate:2.00:0,combined_moderate:131932:combined_moderate:2.00,131932,combined_moderate,combined_moderate,2.0,1,0,150093,182093,9.3808125,11.3808125,False,f9a3807c3514c924
combined_moderate:131932:combined_moderate:3.00:0,combined_moderate:131932:combined_moderate:3.00,131932,combined_moderate,combined_moderate,3.0,1,0,357821,405821,22.3638125,25.3638125,False,f9a3807c3514c924
combined_moderate:131933:combined_moderate:1.00:0,combined_moderate:131933:combined_moderate:1.00,131933,combined_moderate,combined_moderate,1.0,1,0,55540,71540,3.47125,4.47125,False,f9a3807c3514c924
combined_moderate:131933:combined_moderate:2.00:0,combined_moderate:131933:combined_moderate:2.00,131933,combined_moderate,combined_moderate,2.0,1,0,328575,360575,20.5359375,22.5359375,False,f9a3807c3514c924
combined_moderate:131933:combined_moderate:3.00:0,combined_moderate:131933:combined_moderate:3.00,131933,combined_moderate,combined_moderate,3.0,1,0,150169,198169,9.3855625,12.3855625,False,f9a3807c3514c924
combined_moderate:131934:combined_moderate:1.00:0,combined_moderate:131934:combined_moderate:1.00,131934,combined_moderate,combined_moderate,1.0,1,0,414036,430036,25.87725,26.87725,False,f9a3807c3514c924
combined_moderate:131934:combined_moderate:2.00:0,combined_moderate:131934:combined_moderate:2.00,131934,combined_moderate,combined_moderate,2.0,1,0,406670,438670,25.416875,27.416875,False,f9a3807c3514c924
combined_moderate:131934:combined_moderate:3.00:0,combined_moderate:131934:combined_moderate:3.00,131934,combined_moderate,combined_moderate,3.0,1,0,89949,137949,5.6218125,8.6218125,False,f9a3807c3514c924
combined_moderate:131935:combined_moderate:1.00:0,combined_moderate:131935:combined_moderate:1.00,131935,combined_moderate,combined_moderate,1.0,1,0,6555,22555,0.4096875,1.4096875,False,f9a3807c3514c924
combined_moderate:131935:combined_moderate:2.00:0,combined_moderate:131935:combined_moderate:2.00,131935,combined_moderate,combined_moderate,2.0,1,0,365466,397466,22.841625,24.841625,False,f9a3807c3514c924
combined_moderate:131935:combined_moderate:3.00:0,combined_moderate:131935:combined_moderate:3.00,131935,combined_moderate,combined_moderate,3.0,1,0,345147,393147,21.5716875,24.5716875,False,f9a3807c3514c924
combined_moderate:131936:combined_moderate:1.00:0,combined_moderate:131936:combined_moderate:1.00,131936,combined_moderate,combined_moderate,1.0,1,0,170802,186802,10.675125,11.675125,False,f9a3807c3514c924
combined_moderate:131936:combined_moderate:2.00:0,combined_moderate:131936:combined_moderate:2.00,131936,combined_moderate,combined_moderate,2.0,1,0,140192,172192,8.762,10.762,False,f9a3807c3514c924
combined_moderate:131936:combined_moderate:3.00:0,combined_moderate:131936:combined_moderate:3.00,131936,combined_moderate,combined_moderate,3.0,1,0,9804,57804,0.61275,3.61275,False,f9a3807c3514c924
combined_moderate:132117:combined_moderate:1.00:0,combined_moderate:132117:combined_moderate:1.00,132117,combined_moderate,combined_moderate,1.0,1,0,320587,336587,20.0366875,21.0366875,False,f9a3807c3514c924
combined_moderate:132117:combined_moderate:2.00:0,combined_moderate:132117:combined_moderate:2.00,132117,combined_moderate,combined_moderate,2.0,1,0,273249,305249,17.0780625,19.0780625,False,f9a3807c3514c924
combined_moderate:132117:combined_moderate:3.00:0,combined_moderate:132117:combined_moderate:3.00,132117,combined_moderate,combined_moderate,3.0,1,0,336007,384007,21.0004375,24.0004375,False,f9a3807c3514c924
combined_moderate:132171:combined_moderate:1.00:0,combined_moderate:132171:combined_moderate:1.00,132171,combined_moderate,combined_moderate,1.0,1,0,144789,160789,9.0493125,10.0493125,False,f9a3807c3514c924
combined_moderate:132171:combined_moderate:2.00:0,combined_moderate:132171:combined_moderate:2.00,132171,combined_moderate,combined_moderate,2.0,1,0,365474,397474,22.842125,24.842125,False,f9a3807c3514c924
combined_moderate:132171:combined_moderate:3.00:0,combined_moderate:132171:combined_moderate:3.00,132171,combined_moderate,combined_moderate,3.0,1,0,333498,381498,20.843625,23.843625,False,f9a3807c3514c924
combined_moderate:132448:combined_moderate:1.00:0,combined_moderate:132448:combined_moderate:1.00,132448,combined_moderate,combined_moderate,1.0,1,0,107702,123702,6.731375,7.731375,False,f9a3807c3514c924
combined_moderate:132448:combined_moderate:2.00:0,combined_moderate:132448:combined_moderate:2.00,132448,combined_moderate,combined_moderate,2.0,1,0,351193,383193,21.9495625,23.9495625,False,f9a3807c3514c924
combined_moderate:132448:combined_moderate:3.00:0,combined_moderate:132448:combined_moderate:3.00,132448,combined_moderate,combined_moderate,3.0,1,0,372198,420198,23.262375,26.262375,False,f9a3807c3514c924
combined_moderate:133102:combined_moderate:1.00:0,combined_moderate:133102:combined_moderate:1.00,133102,combined_moderate,combined_moderate,1.0,1,0,74808,90808,4.6755,5.6755,False,f9a3807c3514c924
combined_moderate:133102:combined_moderate:2.00:0,combined_moderate:133102:combined_moderate:2.00,133102,combined_moderate,combined_moderate,2.0,1,0,98087,130087,6.1304375,8.1304375,False,f9a3807c3514c924
combined_moderate:133102:combined_moderate:3.00:0,combined_moderate:133102:combined_moderate:3.00,133102,combined_moderate,combined_moderate,3.0,1,0,425190,473190,26.574375,29.574375,False,f9a3807c3514c924
combined_moderate:133681:combined_moderate:1.00:0,combined_moderate:133681:combined_moderate:1.00,133681,combined_moderate,combined_moderate,1.0,1,0,430617,446617,26.9135625,27.9135625,False,f9a3807c3514c924
combined_moderate:133681:combined_moderate:2.00:0,combined_moderate:133681:combined_moderate:2.00,133681,combined_moderate,combined_moderate,2.0,1,0,441727,473727,27.6079375,29.6079375,False,f9a3807c3514c924
combined_moderate:133681:combined_moderate:3.00:0,combined_moderate:133681:combined_moderate:3.00,133681,combined_moderate,combined_moderate,3.0,1,0,129153,177153,8.0720625,11.0720625,False,f9a3807c3514c924
combined_moderate:133772:combined_moderate:1.00:0,combined_moderate:133772:combined_moderate:1.00,133772,combined_moderate,combined_moderate,1.0,1,0,421576,437576,26.3485,27.3485,False,f9a3807c3514c924
combined_moderate:133772:combined_moderate:2.00:0,combined_moderate:133772:combined_moderate:2.00,133772,combined_moderate,combined_moderate,2.0,1,0,142541,174541,8.9088125,10.9088125,False,f9a3807c3514c924
combined_moderate:133772:combined_moderate:3.00:0,combined_moderate:133772:combined_moderate:3.00,133772,combined_moderate,combined_moderate,3.0,1,0,9794,57794,0.612125,3.612125,False,f9a3807c3514c924
combined_moderate:134486:combined_moderate:1.00:0,combined_moderate:134486:combined_moderate:1.00,134486,combined_moderate,combined_moderate,1.0,1,0,376603,392603,23.5376875,24.5376875,False,f9a3807c3514c924
combined_moderate:134486:combined_moderate:2.00:0,combined_moderate:134486:combined_moderate:2.00,134486,combined_moderate,combined_moderate,2.0,1,0,75175,107175,4.6984375,6.6984375,False,f9a3807c3514c924
combined_moderate:134486:combined_moderate:3.00:0,combined_moderate:134486:combined_moderate:3.00,134486,combined_moderate,combined_moderate,3.0,1,0,343846,391846,21.490375,24.490375,False,f9a3807c3514c924
combined_moderate:134790:combined_moderate:1.00:0,combined_moderate:134790:combined_moderate:1.00,134790,combined_moderate,combined_moderate,1.0,1,0,41484,57484,2.59275,3.59275,False,f9a3807c3514c924
combined_moderate:134790:combined_moderate:2.00:0,combined_moderate:134790:combined_moderate:2.00,134790,combined_moderate,combined_moderate,2.0,1,0,317661,349661,19.8538125,21.8538125,False,f9a3807c3514c924
combined_moderate:134790:combined_moderate:3.00:0,combined_moderate:134790:combined_moderate:3.00,134790,combined_moderate,combined_moderate,3.0,1,0,55437,103437,3.4648125,6.4648125,False,f9a3807c3514c924
combined_moderate:134791:combined_moderate:1.00:0,combined_moderate:134791:combined_moderate:1.00,134791,combined_moderate,combined_moderate,1.0,1,0,283432,299432,17.7145,18.7145,False,f9a3807c3514c924
combined_moderate:134791:combined_moderate:2.00:0,combined_moderate:134791:combined_moderate:2.00,134791,combined_moderate,combined_moderate,2.0,1,0,5237,37237,0.3273125,2.3273125,False,f9a3807c3514c924
combined_moderate:134791:combined_moderate:3.00:0,combined_moderate:134791:combined_moderate:3.00,134791,combined_moderate,combined_moderate,3.0,1,0,401775,449775,25.1109375,28.1109375,False,f9a3807c3514c924
combined_moderate:134792:combined_moderate:1.00:0,combined_moderate:134792:combined_moderate:1.00,134792,combined_moderate,combined_moderate,1.0,1,0,71822,87822,4.488875,5.488875,False,f9a3807c3514c924
combined_moderate:134792:combined_moderate:2.00:0,combined_moderate:134792:combined_moderate:2.00,134792,combined_moderate,combined_moderate,2.0,1,0,364866,396866,22.804125,24.804125,False,f9a3807c3514c924
combined_moderate:134792:combined_moderate:3.00:0,combined_moderate:134792:combined_moderate:3.00,134792,combined_moderate,combined_moderate,3.0,1,0,713,48713,0.0445625,3.0445625,False,f9a3807c3514c924
combined_moderate:134793:combined_moderate:1.00:0,combined_moderate:134793:combined_moderate:1.00,134793,combined_moderate,combined_moderate,1.0,1,0,185385,201385,11.5865625,12.5865625,False,f9a3807c3514c924
combined_moderate:134793:combined_moderate:2.00:0,combined_moderate:134793:combined_moderate:2.00,134793,combined_moderate,combined_moderate,2.0,1,0,35555,67555,2.2221875,4.2221875,False,f9a3807c3514c924
combined_moderate:134793:combined_moderate:3.00:0,combined_moderate:134793:combined_moderate:3.00,134793,combined_moderate,combined_moderate,3.0,1,0,4661,52661,0.2913125,3.2913125,False,f9a3807c3514c924
combined_moderate:134794:combined_moderate:1.00:0,combined_moderate:134794:combined_moderate:1.00,134794,combined_moderate,combined_moderate,1.0,1,0,110575,126575,6.9109375,7.9109375,False,f9a3807c3514c924
combined_moderate:134794:combined_moderate:2.00:0,combined_moderate:134794:combined_moderate:2.00,134794,combined_moderate,combined_moderate,2.0,1,0,26888,58888,1.6805,3.6805,False,f9a3807c3514c924
combined_moderate:134794:combined_moderate:3.00:0,combined_moderate:134794:combined_moderate:3.00,134794,combined_moderate,combined_moderate,3.0,1,0,428744,476744,26.7965,29.7965,False,f9a3807c3514c924
combined_moderate:134795:combined_moderate:1.00:0,combined_moderate:134795:combined_moderate:1.00,134795,combined_moderate,combined_moderate,1.0,1,0,181554,197554,11.347125,12.347125,False,f9a3807c3514c924
combined_moderate:134795:combined_moderate:2.00:0,combined_moderate:134795:combined_moderate:2.00,134795,combined_moderate,combined_moderate,2.0,1,0,32878,64878,2.054875,4.054875,False,f9a3807c3514c924
combined_moderate:134795:combined_moderate:3.00:0,combined_moderate:134795:combined_moderate:3.00,134795,combined_moderate,combined_moderate,3.0,1,0,288173,336173,18.0108125,21.0108125,False,f9a3807c3514c924
combined_moderate:134796:combined_moderate:1.00:0,combined_moderate:134796:combined_moderate:1.00,134796,combined_moderate,combined_moderate,1.0,1,0,4646,20646,0.290375,1.290375,False,f9a3807c3514c924
combined_moderate:134796:combined_moderate:2.00:0,combined_moderate:134796:combined_moderate:2.00,134796,combined_moderate,combined_moderate,2.0,1,0,341548,373548,21.34675,23.34675,False,f9a3807c3514c924
combined_moderate:134796:combined_moderate:3.00:0,combined_moderate:134796:combined_moderate:3.00,134796,combined_moderate,combined_moderate,3.0,1,0,64315,112315,4.0196875,7.0196875,False,f9a3807c3514c924
combined_moderate:134797:combined_moderate:1.00:0,combined_moderate:134797:combined_moderate:1.00,134797,combined_moderate,combined_moderate,1.0,1,0,344924,360924,21.55775,22.55775,False,f9a3807c3514c924
combined_moderate:134797:combined_moderate:2.00:0,combined_moderate:134797:combined_moderate:2.00,134797,combined_moderate,combined_moderate,2.0,1,0,105795,137795,6.6121875,8.6121875,False,f9a3807c3514c924
combined_moderate:134797:combined_moderate:3.00:0,combined_moderate:134797:combined_moderate:3.00,134797,combined_moderate,combined_moderate,3.0,1,0,74414,122414,4.650875,7.650875,False,f9a3807c3514c924
combined_moderate:136054:combined_moderate:1.00:0,combined_moderate:136054:combined_moderate:1.00,136054,combined_moderate,combined_moderate,1.0,1,0,345961,361961,21.6225625,22.6225625,False,f9a3807c3514c924
combined_moderate:136054:combined_moderate:2.00:0,combined_moderate:136054:combined_moderate:2.00,136054,combined_moderate,combined_moderate,2.0,1,0,427444,459444,26.71525,28.71525,False,f9a3807c3514c924
combined_moderate:136054:combined_moderate:3.00:0,combined_moderate:136054:combined_moderate:3.00,136054,combined_moderate,combined_moderate,3.0,1,0,144698,192698,9.043625,12.043625,False,f9a3807c3514c924
combined_moderate:137605:combined_moderate:1.00:0,combined_moderate:137605:combined_moderate:1.00,137605,combined_moderate,combined_moderate,1.0,1,0,313647,329647,19.6029375,20.6029375,False,f9a3807c3514c924
combined_moderate:137605:combined_moderate:2.00:0,combined_moderate:137605:combined_moderate:2.00,137605,combined_moderate,combined_moderate,2.0,1,0,297550,329550,18.596875,20.596875,False,f9a3807c3514c924
combined_moderate:137605:combined_moderate:3.00:0,combined_moderate:137605:combined_moderate:3.00,137605,combined_moderate,combined_moderate,3.0,1,0,272137,320137,17.0085625,20.0085625,False,f9a3807c3514c924
combined_moderate:137624:combined_moderate:1.00:0,combined_moderate:137624:combined_moderate:1.00,137624,combined_moderate,combined_moderate,1.0,1,0,91619,107619,5.7261875,6.7261875,False,f9a3807c3514c924
combined_moderate:137624:combined_moderate:2.00:0,combined_moderate:137624:combined_moderate:2.00,137624,combined_moderate,combined_moderate,2.0,1,0,67537,99537,4.2210625,6.2210625,False,f9a3807c3514c924
combined_moderate:137624:combined_moderate:3.00:0,combined_moderate:137624:combined_moderate:3.00,137624,combined_moderate,combined_moderate,3.0,1,0,354374,402374,22.148375,25.148375,False,f9a3807c3514c924
combined_moderate:137627:combined_moderate:1.00:0,combined_moderate:137627:combined_moderate:1.00,137627,combined_moderate,combined_moderate,1.0,1,0,44799,60799,2.7999375,3.7999375,False,f9a3807c3514c924
combined_moderate:137627:combined_moderate:2.00:0,combined_moderate:137627:combined_moderate:2.00,137627,combined_moderate,combined_moderate,2.0,1,0,131503,163503,8.2189375,10.2189375,False,f9a3807c3514c924
combined_moderate:137627:combined_moderate:3.00:0,combined_moderate:137627:combined_moderate:3.00,137627,combined_moderate,combined_moderate,3.0,1,0,321586,369586,20.099125,23.099125,False,f9a3807c3514c924
combined_moderate:137630:combined_moderate:1.00:0,combined_moderate:137630:combined_moderate:1.00,137630,combined_moderate,combined_moderate,1.0,1,0,420130,436130,26.258125,27.258125,False,f9a3807c3514c924
combined_moderate:137630:combined_moderate:2.00:0,combined_moderate:137630:combined_moderate:2.00,137630,combined_moderate,combined_moderate,2.0,1,0,28753,60753,1.7970625,3.7970625,False,f9a3807c3514c924
combined_moderate:137630:combined_moderate:3.00:0,combined_moderate:137630:combined_moderate:3.00,137630,combined_moderate,combined_moderate,3.0,1,0,417654,465654,26.103375,29.103375,False,f9a3807c3514c924
combined_moderate:137631:combined_moderate:1.00:0,combined_moderate:137631:combined_moderate:1.00,137631,combined_moderate,combined_moderate,1.0,1,0,179169,195169,11.1980625,12.1980625,False,f9a3807c3514c924
combined_moderate:137631:combined_moderate:2.00:0,combined_moderate:137631:combined_moderate:2.00,137631,combined_moderate,combined_moderate,2.0,1,0,302247,334247,18.8904375,20.8904375,False,f9a3807c3514c924
combined_moderate:137631:combined_moderate:3.00:0,combined_moderate:137631:combined_moderate:3.00,137631,combined_moderate,combined_moderate,3.0,1,0,289308,337308,18.08175,21.08175,False,f9a3807c3514c924
combined_moderate:137632:combined_moderate:1.00:0,combined_moderate:137632:combined_moderate:1.00,137632,combined_moderate,combined_moderate,1.0,1,0,82310,98310,5.144375,6.144375,False,f9a3807c3514c924
combined_moderate:137632:combined_moderate:2.00:0,combined_moderate:137632:combined_moderate:2.00,137632,combined_moderate,combined_moderate,2.0,1,0,25489,57489,1.5930625,3.5930625,False,f9a3807c3514c924
combined_moderate:137632:combined_moderate:3.00:0,combined_moderate:137632:combined_moderate:3.00,137632,combined_moderate,combined_moderate,3.0,1,0,283515,331515,17.7196875,20.7196875,False,f9a3807c3514c924
combined_moderate:138018:combined_moderate:1.00:0,combined_moderate:138018:combined_moderate:1.00,138018,combined_moderate,combined_moderate,1.0,1,0,393757,409757,24.6098125,25.6098125,False,f9a3807c3514c924
combined_moderate:138018:combined_moderate:2.00:0,combined_moderate:138018:combined_moderate:2.00,138018,combined_moderate,combined_moderate,2.0,1,0,441363,473363,27.5851875,29.5851875,False,f9a3807c3514c924
combined_moderate:138018:combined_moderate:3.00:0,combined_moderate:138018:combined_moderate:3.00,138018,combined_moderate,combined_moderate,3.0,1,0,23257,71257,1.4535625,4.4535625,False,f9a3807c3514c924
combined_moderate:138019:combined_moderate:1.00:0,combined_moderate:138019:combined_moderate:1.00,138019,combined_moderate,combined_moderate,1.0,1,0,3320,19320,0.2075,1.2075,False,f9a3807c3514c924
combined_moderate:138019:combined_moderate:2.00:0,combined_moderate:138019:combined_moderate:2.00,138019,combined_moderate,combined_moderate,2.0,1,0,79537,111537,4.9710625,6.9710625,False,f9a3807c3514c924
combined_moderate:138019:combined_moderate:3.00:0,combined_moderate:138019:combined_moderate:3.00,138019,combined_moderate,combined_moderate,3.0,1,0,78291,126291,4.8931875,7.8931875,False,f9a3807c3514c924
combined_moderate:138020:combined_moderate:1.00:0,combined_moderate:138020:combined_moderate:1.00,138020,combined_moderate,combined_moderate,1.0,1,0,23439,39439,1.4649375,2.4649375,False,f9a3807c3514c924
combined_moderate:138020:combined_moderate:2.00:0,combined_moderate:138020:combined_moderate:2.00,138020,combined_moderate,combined_moderate,2.0,1,0,306290,338290,19.143125,21.143125,False,f9a3807c3514c924
combined_moderate:138020:combined_moderate:3.00:0,combined_moderate:138020:combined_moderate:3.00,138020,combined_moderate,combined_moderate,3.0,1,0,58647,106647,3.6654375,6.6654375,False,f9a3807c3514c924
combined_moderate:138021:combined_moderate:1.00:0,combined_moderate:138021:combined_moderate:1.00,138021,combined_moderate,combined_moderate,1.0,1,0,446854,462854,27.928375,28.928375,False,f9a3807c3514c924
combined_moderate:138021:combined_moderate:2.00:0,combined_moderate:138021:combined_moderate:2.00,138021,combined_moderate,combined_moderate,2.0,1,0,313203,345203,19.5751875,21.5751875,False,f9a3807c3514c924
combined_moderate:138021:combined_moderate:3.00:0,combined_moderate:138021:combined_moderate:3.00,138021,combined_moderate,combined_moderate,3.0,1,0,112261,160261,7.0163125,10.0163125,False,f9a3807c3514c924
combined_moderate:138022:combined_moderate:1.00:0,combined_moderate:138022:combined_moderate:1.00,138022,combined_moderate,combined_moderate,1.0,1,0,73570,89570,4.598125,5.598125,False,f9a3807c3514c924
combined_moderate:138022:combined_moderate:2.00:0,combined_moderate:138022:combined_moderate:2.00,138022,combined_moderate,combined_moderate,2.0,1,0,126906,158906,7.931625,9.931625,False,f9a3807c3514c924
combined_moderate:138022:combined_moderate:3.00:0,combined_moderate:138022:combined_moderate:3.00,138022,combined_moderate,combined_moderate,3.0,1,0,163413,211413,10.2133125,13.2133125,False,f9a3807c3514c924
combined_moderate:138023:combined_moderate:1.00:0,combined_moderate:138023:combined_moderate:1.00,138023,combined_moderate,combined_moderate,1.0,1,0,182889,198889,11.4305625,12.4305625,False,f9a3807c3514c924
combined_moderate:138023:combined_moderate:2.00:0,combined_moderate:138023:combined_moderate:2.00,138023,combined_moderate,combined_moderate,2.0,1,0,300295,332295,18.7684375,20.7684375,False,f9a3807c3514c924
combined_moderate:138023:combined_moderate:3.00:0,combined_moderate:138023:combined_moderate:3.00,138023,combined_moderate,combined_moderate,3.0,1,0,333408,381408,20.838,23.838,False,f9a3807c3514c924
combined_moderate:138024:combined_moderate:1.00:0,combined_moderate:138024:combined_moderate:1.00,138024,combined_moderate,combined_moderate,1.0,1,0,58939,74939,3.6836875,4.6836875,False,f9a3807c3514c924
combined_moderate:138024:combined_moderate:2.00:0,combined_moderate:138024:combined_moderate:2.00,138024,combined_moderate,combined_moderate,2.0,1,0,150757,182757,9.4223125,11.4223125,False,f9a3807c3514c924
combined_moderate:138024:combined_moderate:3.00:0,combined_moderate:138024:combined_moderate:3.00,138024,combined_moderate,combined_moderate,3.0,1,0,154172,202172,9.63575,12.63575,False,f9a3807c3514c924
combined_moderate:138025:combined_moderate:1.00:0,combined_moderate:138025:combined_moderate:1.00,138025,combined_moderate,combined_moderate,1.0,1,0,399626,415626,24.976625,25.976625,False,f9a3807c3514c924
combined_moderate:138025:combined_moderate:2.00:0,combined_moderate:138025:combined_moderate:2.00,138025,combined_moderate,combined_moderate,2.0,1,0,99239,131239,6.2024375,8.2024375,False,f9a3807c3514c924
combined_moderate:138025:combined_moderate:3.00:0,combined_moderate:138025:combined_moderate:3.00,138025,combined_moderate,combined_moderate,3.0,1,0,304285,352285,19.0178125,22.0178125,False,f9a3807c3514c924
combined_moderate:138026:combined_moderate:1.00:0,combined_moderate:138026:combined_moderate:1.00,138026,combined_moderate,combined_moderate,1.0,1,0,335021,351021,20.9388125,21.9388125,False,f9a3807c3514c924
combined_moderate:138026:combined_moderate:2.00:0,combined_moderate:138026:combined_moderate:2.00,138026,combined_moderate,combined_moderate,2.0,1,0,414882,446882,25.930125,27.930125,False,f9a3807c3514c924
combined_moderate:138026:combined_moderate:3.00:0,combined_moderate:138026:combined_moderate:3.00,138026,combined_moderate,combined_moderate,3.0,1,0,170371,218371,10.6481875,13.6481875,False,f9a3807c3514c924
combined_moderate:139933:combined_moderate:1.00:0,combined_moderate:139933:combined_moderate:1.00,139933,combined_moderate,combined_moderate,1.0,1,0,373135,389135,23.3209375,24.3209375,False,f9a3807c3514c924
combined_moderate:139933:combined_moderate:2.00:0,combined_moderate:139933:combined_moderate:2.00,139933,combined_moderate,combined_moderate,2.0,1,0,421439,453439,26.3399375,28.3399375,False,f9a3807c3514c924
combined_moderate:139933:combined_moderate:3.00:0,combined_moderate:139933:combined_moderate:3.00,139933,combined_moderate,combined_moderate,3.0,1,0,278594,326594,17.412125,20.412125,False,f9a3807c3514c924
combined_moderate:139934:combined_moderate:1.00:0,combined_moderate:139934:combined_moderate:1.00,139934,combined_moderate,combined_moderate,1.0,1,0,284888,300888,17.8055,18.8055,False,f9a3807c3514c924
combined_moderate:139934:combined_moderate:2.00:0,combined_moderate:139934:combined_moderate:2.00,139934,combined_moderate,combined_moderate,2.0,1,0,139879,171879,8.7424375,10.7424375,False,f9a3807c3514c924
combined_moderate:139934:combined_moderate:3.00:0,combined_moderate:139934:combined_moderate:3.00,139934,combined_moderate,combined_moderate,3.0,1,0,58623,106623,3.6639375,6.6639375,False,f9a3807c3514c924
combined_moderate:139935:combined_moderate:1.00:0,combined_moderate:139935:combined_moderate:1.00,139935,combined_moderate,combined_moderate,1.0,1,0,180848,196848,11.303,12.303,False,f9a3807c3514c924
combined_moderate:139935:combined_moderate:2.00:0,combined_moderate:139935:combined_moderate:2.00,139935,combined_moderate,combined_moderate,2.0,1,0,57152,89152,3.572,5.572,False,f9a3807c3514c924
combined_moderate:139935:combined_moderate:3.00:0,combined_moderate:139935:combined_moderate:3.00,139935,combined_moderate,combined_moderate,3.0,1,0,302577,350577,18.9110625,21.9110625,False,f9a3807c3514c924
combined_moderate:139936:combined_moderate:1.00:0,combined_moderate:139936:combined_moderate:1.00,139936,combined_moderate,combined_moderate,1.0,1,0,314285,330285,19.6428125,20.6428125,False,f9a3807c3514c924
combined_moderate:139936:combined_moderate:2.00:0,combined_moderate:139936:combined_moderate:2.00,139936,combined_moderate,combined_moderate,2.0,1,0,88359,120359,5.5224375,7.5224375,False,f9a3807c3514c924
combined_moderate:139936:combined_moderate:3.00:0,combined_moderate:139936:combined_moderate:3.00,139936,combined_moderate,combined_moderate,3.0,1,0,354406,402406,22.150375,25.150375,False,f9a3807c3514c924
combined_moderate:139937:combined_moderate:1.00:0,combined_moderate:139937:combined_moderate:1.00,139937,combined_moderate,combined_moderate,1.0,1,0,320503,336503,20.0314375,21.0314375,False,f9a3807c3514c924
combined_moderate:139937:combined_moderate:2.00:0,combined_moderate:139937:combined_moderate:2.00,139937,combined_moderate,combined_moderate,2.0,1,0,306108,338108,19.13175,21.13175,False,f9a3807c3514c924
combined_moderate:139937:combined_moderate:3.00:0,combined_moderate:139937:combined_moderate:3.00,139937,combined_moderate,combined_moderate,3.0,1,0,373146,421146,23.321625,26.321625,False,f9a3807c3514c924
combined_moderate:140043:combined_moderate:1.00:0,combined_moderate:140043:combined_moderate:1.00,140043,combined_moderate,combined_moderate,1.0,1,0,417231,433231,26.0769375,27.0769375,False,f9a3807c3514c924
combined_moderate:140043:combined_moderate:2.00:0,combined_moderate:140043:combined_moderate:2.00,140043,combined_moderate,combined_moderate,2.0,1,0,394287,426287,24.6429375,26.6429375,False,f9a3807c3514c924
combined_moderate:140043:combined_moderate:3.00:0,combined_moderate:140043:combined_moderate:3.00,140043,combined_moderate,combined_moderate,3.0,1,0,165760,213760,10.36,13.36,False,f9a3807c3514c924
combined_moderate:140609:combined_moderate:1.00:0,combined_moderate:140609:combined_moderate:1.00,140609,combined_moderate,combined_moderate,1.0,1,0,359090,375090,22.443125,23.443125,False,f9a3807c3514c924
combined_moderate:140609:combined_moderate:2.00:0,combined_moderate:140609:combined_moderate:2.00,140609,combined_moderate,combined_moderate,2.0,1,0,420510,452510,26.281875,28.281875,False,f9a3807c3514c924
combined_moderate:140609:combined_moderate:3.00:0,combined_moderate:140609:combined_moderate:3.00,140609,combined_moderate,combined_moderate,3.0,1,0,33763,81763,2.1101875,5.1101875,False,f9a3807c3514c924
combined_moderate:140620:combined_moderate:1.00:0,combined_moderate:140620:combined_moderate:1.00,140620,combined_moderate,combined_moderate,1.0,1,0,314283,330283,19.6426875,20.6426875,False,f9a3807c3514c924
combined_moderate:140620:combined_moderate:2.00:0,combined_moderate:140620:combined_moderate:2.00,140620,combined_moderate,combined_moderate,2.0,1,0,308938,340938,19.308625,21.308625,False,f9a3807c3514c924
combined_moderate:140620:combined_moderate:3.00:0,combined_moderate:140620:combined_moderate:3.00,140620,combined_moderate,combined_moderate,3.0,1,0,382047,430047,23.8779375,26.8779375,False,f9a3807c3514c924
combined_moderate:140621:combined_moderate:1.00:0,combined_moderate:140621:combined_moderate:1.00,140621,combined_moderate,combined_moderate,1.0,1,0,434446,450446,27.152875,28.152875,False,f9a3807c3514c924
combined_moderate:140621:combined_moderate:2.00:0,combined_moderate:140621:combined_moderate:2.00,140621,combined_moderate,combined_moderate,2.0,1,0,49533,81533,3.0958125,5.0958125,False,f9a3807c3514c924
combined_moderate:140621:combined_moderate:3.00:0,combined_moderate:140621:combined_moderate:3.00,140621,combined_moderate,combined_moderate,3.0,1,0,158491,206491,9.9056875,12.9056875,False,f9a3807c3514c924
combined_moderate:140623:combined_moderate:1.00:0,combined_moderate:140623:combined_moderate:1.00,140623,combined_moderate,combined_moderate,1.0,1,0,462101,478101,28.8813125,29.8813125,False,f9a3807c3514c924
combined_moderate:140623:combined_moderate:2.00:0,combined_moderate:140623:combined_moderate:2.00,140623,combined_moderate,combined_moderate,2.0,1,0,135325,167325,8.4578125,10.4578125,False,f9a3807c3514c924
combined_moderate:140623:combined_moderate:3.00:0,combined_moderate:140623:combined_moderate:3.00,140623,combined_moderate,combined_moderate,3.0,1,0,59463,107463,3.7164375,6.7164375,False,f9a3807c3514c924
combined_moderate:140625:combined_moderate:1.00:0,combined_moderate:140625:combined_moderate:1.00,140625,combined_moderate,combined_moderate,1.0,1,0,425970,441970,26.623125,27.623125,False,f9a3807c3514c924
combined_moderate:140625:combined_moderate:2.00:0,combined_moderate:140625:combined_moderate:2.00,140625,combined_moderate,combined_moderate,2.0,1,0,430215,462215,26.8884375,28.8884375,False,f9a3807c3514c924
combined_moderate:140625:combined_moderate:3.00:0,combined_moderate:140625:combined_moderate:3.00,140625,combined_moderate,combined_moderate,3.0,1,0,261869,309869,16.3668125,19.3668125,False,f9a3807c3514c924
combined_moderate:140626:combined_moderate:1.00:0,combined_moderate:140626:combined_moderate:1.00,140626,combined_moderate,combined_moderate,1.0,1,0,426444,442444,26.65275,27.65275,False,f9a3807c3514c924
combined_moderate:140626:combined_moderate:2.00:0,combined_moderate:140626:combined_moderate:2.00,140626,combined_moderate,combined_moderate,2.0,1,0,126554,158554,7.909625,9.909625,False,f9a3807c3514c924
combined_moderate:140626:combined_moderate:3.00:0,combined_moderate:140626:combined_moderate:3.00,140626,combined_moderate,combined_moderate,3.0,1,0,93053,141053,5.8158125,8.8158125,False,f9a3807c3514c924
combined_moderate:140922:combined_moderate:1.00:0,combined_moderate:140922:combined_moderate:1.00,140922,combined_moderate,combined_moderate,1.0,1,0,292831,308831,18.3019375,19.3019375,False,f9a3807c3514c924
combined_moderate:140922:combined_moderate:2.00:0,combined_moderate:140922:combined_moderate:2.00,140922,combined_moderate,combined_moderate,2.0,1,0,350042,382042,21.877625,23.877625,False,f9a3807c3514c924
combined_moderate:140922:combined_moderate:3.00:0,combined_moderate:140922:combined_moderate:3.00,140922,combined_moderate,combined_moderate,3.0,1,0,391349,439349,24.4593125,27.4593125,False,f9a3807c3514c924
combined_moderate:140923:combined_moderate:1.00:0,combined_moderate:140923:combined_moderate:1.00,140923,combined_moderate,combined_moderate,1.0,1,0,102657,118657,6.4160625,7.4160625,False,f9a3807c3514c924
combined_moderate:140923:combined_moderate:2.00:0,combined_moderate:140923:combined_moderate:2.00,140923,combined_moderate,combined_moderate,2.0,1,0,170638,202638,10.664875,12.664875,False,f9a3807c3514c924
combined_moderate:140923:combined_moderate:3.00:0,combined_moderate:140923:combined_moderate:3.00,140923,combined_moderate,combined_moderate,3.0,1,0,2591,50591,0.1619375,3.1619375,False,f9a3807c3514c924
combined_moderate:140924:combined_moderate:1.00:0,combined_moderate:140924:combined_moderate:1.00,140924,combined_moderate,combined_moderate,1.0,1,0,47286,63286,2.955375,3.955375,False,f9a3807c3514c924
combined_moderate:140924:combined_moderate:2.00:0,combined_moderate:140924:combined_moderate:2.00,140924,combined_moderate,combined_moderate,2.0,1,0,169338,201338,10.583625,12.583625,False,f9a3807c3514c924
combined_moderate:140924:combined_moderate:3.00:0,combined_moderate:140924:combined_moderate:3.00,140924,combined_moderate,combined_moderate,3.0,1,0,91381,139381,5.7113125,8.7113125,False,f9a3807c3514c924
combined_moderate:140925:combined_moderate:1.00:0,combined_moderate:140925:combined_moderate:1.00,140925,combined_moderate,combined_moderate,1.0,1,0,107213,123213,6.7008125,7.7008125,False,f9a3807c3514c924
combined_moderate:140925:combined_moderate:2.00:0,combined_moderate:140925:combined_moderate:2.00,140925,combined_moderate,combined_moderate,2.0,1,0,394896,426896,24.681,26.681,False,f9a3807c3514c924
combined_moderate:140925:combined_moderate:3.00:0,combined_moderate:140925:combined_moderate:3.00,140925,combined_moderate,combined_moderate,3.0,1,0,352928,400928,22.058,25.058,False,f9a3807c3514c924
combined_moderate:140926:combined_moderate:1.00:0,combined_moderate:140926:combined_moderate:1.00,140926,combined_moderate,combined_moderate,1.0,1,0,452370,468370,28.273125,29.273125,False,f9a3807c3514c924
combined_moderate:140926:combined_moderate:2.00:0,combined_moderate:140926:combined_moderate:2.00,140926,combined_moderate,combined_moderate,2.0,1,0,83279,115279,5.2049375,7.2049375,False,f9a3807c3514c924
combined_moderate:140926:combined_moderate:3.00:0,combined_moderate:140926:combined_moderate:3.00,140926,combined_moderate,combined_moderate,3.0,1,0,431230,479230,26.951875,29.951875,False,f9a3807c3514c924
combined_moderate:140933:combined_moderate:1.00:0,combined_moderate:140933:combined_moderate:1.00,140933,combined_moderate,combined_moderate,1.0,1,0,185152,201152,11.572,12.572,False,f9a3807c3514c924
combined_moderate:140933:combined_moderate:2.00:0,combined_moderate:140933:combined_moderate:2.00,140933,combined_moderate,combined_moderate,2.0,1,0,108853,140853,6.8033125,8.8033125,False,f9a3807c3514c924
combined_moderate:140933:combined_moderate:3.00:0,combined_moderate:140933:combined_moderate:3.00,140933,combined_moderate,combined_moderate,3.0,1,0,26752,74752,1.672,4.672,False,f9a3807c3514c924
combined_moderate:140934:combined_moderate:1.00:0,combined_moderate:140934:combined_moderate:1.00,140934,combined_moderate,combined_moderate,1.0,1,0,142830,158830,8.926875,9.926875,False,f9a3807c3514c924
combined_moderate:140934:combined_moderate:2.00:0,combined_moderate:140934:combined_moderate:2.00,140934,combined_moderate,combined_moderate,2.0,1,0,79714,111714,4.982125,6.982125,False,f9a3807c3514c924
combined_moderate:140934:combined_moderate:3.00:0,combined_moderate:140934:combined_moderate:3.00,140934,combined_moderate,combined_moderate,3.0,1,0,53654,101654,3.353375,6.353375,False,f9a3807c3514c924
combined_moderate:141616:combined_moderate:1.00:0,combined_moderate:141616:combined_moderate:1.00,141616,combined_moderate,combined_moderate,1.0,1,0,81982,97982,5.123875,6.123875,False,f9a3807c3514c924
combined_moderate:141616:combined_moderate:2.00:0,combined_moderate:141616:combined_moderate:2.00,141616,combined_moderate,combined_moderate,2.0,1,0,284281,316281,17.7675625,19.7675625,False,f9a3807c3514c924
combined_moderate:141616:combined_moderate:3.00:0,combined_moderate:141616:combined_moderate:3.00,141616,combined_moderate,combined_moderate,3.0,1,0,100006,148006,6.250375,9.250375,False,f9a3807c3514c924
combined_moderate:141617:combined_moderate:1.00:0,combined_moderate:141617:combined_moderate:1.00,141617,combined_moderate,combined_moderate,1.0,1,0,102114,118114,6.382125,7.382125,False,f9a3807c3514c924
combined_moderate:141617:combined_moderate:2.00:0,combined_moderate:141617:combined_moderate:2.00,141617,combined_moderate,combined_moderate,2.0,1,0,106507,138507,6.6566875,8.6566875,False,f9a3807c3514c924
combined_moderate:141617:combined_moderate:3.00:0,combined_moderate:141617:combined_moderate:3.00,141617,combined_moderate,combined_moderate,3.0,1,0,421046,469046,26.315375,29.315375,False,f9a3807c3514c924
combined_moderate:141618:combined_moderate:1.00:0,combined_moderate:141618:combined_moderate:1.00,141618,combined_moderate,combined_moderate,1.0,1,0,421746,437746,26.359125,27.359125,False,f9a3807c3514c924
combined_moderate:141618:combined_moderate:2.00:0,combined_moderate:141618:combined_moderate:2.00,141618,combined_moderate,combined_moderate,2.0,1,0,30336,62336,1.896,3.896,False,f9a3807c3514c924
combined_moderate:141618:combined_moderate:3.00:0,combined_moderate:141618:combined_moderate:3.00,141618,combined_moderate,combined_moderate,3.0,1,0,329162,377162,20.572625,23.572625,False,f9a3807c3514c924
combined_moderate:141619:combined_moderate:1.00:0,combined_moderate:141619:combined_moderate:1.00,141619,combined_moderate,combined_moderate,1.0,1,0,35246,51246,2.202875,3.202875,False,f9a3807c3514c924
combined_moderate:141619:combined_moderate:2.00:0,combined_moderate:141619:combined_moderate:2.00,141619,combined_moderate,combined_moderate,2.0,1,0,312263,344263,19.5164375,21.5164375,False,f9a3807c3514c924
combined_moderate:141619:combined_moderate:3.00:0,combined_moderate:141619:combined_moderate:3.00,141619,combined_moderate,combined_moderate,3.0,1,0,90701,138701,5.6688125,8.6688125,False,f9a3807c3514c924
combined_moderate:141877:combined_moderate:1.00:0,combined_moderate:141877:combined_moderate:1.00,141877,combined_moderate,combined_moderate,1.0,1,0,120722,136722,7.545125,8.545125,False,f9a3807c3514c924
combined_moderate:141877:combined_moderate:2.00:0,combined_moderate:141877:combined_moderate:2.00,141877,combined_moderate,combined_moderate,2.0,1,0,301479,333479,18.8424375,20.8424375,False,f9a3807c3514c924
combined_moderate:141877:combined_moderate:3.00:0,combined_moderate:141877:combined_moderate:3.00,141877,combined_moderate,combined_moderate,3.0,1,0,94142,142142,5.883875,8.883875,False,f9a3807c3514c924
combined_moderate:141878:combined_moderate:1.00:0,combined_moderate:141878:combined_moderate:1.00,141878,combined_moderate,combined_moderate,1.0,1,0,440252,456252,27.51575,28.51575,False,f9a3807c3514c924
combined_moderate:141878:combined_moderate:2.00:0,combined_moderate:141878:combined_moderate:2.00,141878,combined_moderate,combined_moderate,2.0,1,0,16629,48629,1.0393125,3.0393125,False,f9a3807c3514c924
combined_moderate:141878:combined_moderate:3.00:0,combined_moderate:141878:combined_moderate:3.00,141878,combined_moderate,combined_moderate,3.0,1,0,150681,198681,9.4175625,12.4175625,False,f9a3807c3514c924
combined_moderate:142358:combined_moderate:1.00:0,combined_moderate:142358:combined_moderate:1.00,142358,combined_moderate,combined_moderate,1.0,1,0,338922,354922,21.182625,22.182625,False,f9a3807c3514c924
combined_moderate:142358:combined_moderate:2.00:0,combined_moderate:142358:combined_moderate:2.00,142358,combined_moderate,combined_moderate,2.0,1,0,164689,196689,10.2930625,12.2930625,False,f9a3807c3514c924
combined_moderate:142358:combined_moderate:3.00:0,combined_moderate:142358:combined_moderate:3.00,142358,combined_moderate,combined_moderate,3.0,1,0,298612,346612,18.66325,21.66325,False,f9a3807c3514c924
combined_moderate:142359:combined_moderate:1.00:0,combined_moderate:142359:combined_moderate:1.00,142359,combined_moderate,combined_moderate,1.0,1,0,362747,378747,22.6716875,23.6716875,False,f9a3807c3514c924
combined_moderate:142359:combined_moderate:2.00:0,combined_moderate:142359:combined_moderate:2.00,142359,combined_moderate,combined_moderate,2.0,1,0,39901,71901,2.4938125,4.4938125,False,f9a3807c3514c924
combined_moderate:142359:combined_moderate:3.00:0,combined_moderate:142359:combined_moderate:3.00,142359,combined_moderate,combined_moderate,3.0,1,0,92595,140595,5.7871875,8.7871875,False,f9a3807c3514c924
combined_moderate:142360:combined_moderate:1.00:0,combined_moderate:142360:combined_moderate:1.00,142360,combined_moderate,combined_moderate,1.0,1,0,111335,127335,6.9584375,7.9584375,False,f9a3807c3514c924
combined_moderate:142360:combined_moderate:2.00:0,combined_moderate:142360:combined_moderate:2.00,142360,combined_moderate,combined_moderate,2.0,1,0,320720,352720,20.045,22.045,False,f9a3807c3514c924
combined_moderate:142360:combined_moderate:3.00:0,combined_moderate:142360:combined_moderate:3.00,142360,combined_moderate,combined_moderate,3.0,1,0,111059,159059,6.9411875,9.9411875,False,f9a3807c3514c924
combined_moderate:142361:combined_moderate:1.00:0,combined_moderate:142361:combined_moderate:1.00,142361,combined_moderate,combined_moderate,1.0,1,0,2674,18674,0.167125,1.167125,False,f9a3807c3514c924
combined_moderate:142361:combined_moderate:2.00:0,combined_moderate:142361:combined_moderate:2.00,142361,combined_moderate,combined_moderate,2.0,1,0,442670,474670,27.666875,29.666875,False,f9a3807c3514c924
combined_moderate:142361:combined_moderate:3.00:0,combined_moderate:142361:combined_moderate:3.00,142361,combined_moderate,combined_moderate,3.0,1,0,46977,94977,2.9360625,5.9360625,False,f9a3807c3514c924
combined_moderate:142362:combined_moderate:1.00:0,combined_moderate:142362:combined_moderate:1.00,142362,combined_moderate,combined_moderate,1.0,1,0,278417,294417,17.4010625,18.4010625,False,f9a3807c3514c924
combined_moderate:142362:combined_moderate:2.00:0,combined_moderate:142362:combined_moderate:2.00,142362,combined_moderate,combined_moderate,2.0,1,0,413743,445743,25.8589375,27.8589375,False,f9a3807c3514c924
combined_moderate:142362:combined_moderate:3.00:0,combined_moderate:142362:combined_moderate:3.00,142362,combined_moderate,combined_moderate,3.0,1,0,268342,316342,16.771375,19.771375,False,f9a3807c3514c924
combined_moderate:142533:combined_moderate:1.00:0,combined_moderate:142533:combined_moderate:1.00,142533,combined_moderate,combined_moderate,1.0,1,0,80744,96744,5.0465,6.0465,False,f9a3807c3514c924
combined_moderate:142533:combined_moderate:2.00:0,combined_moderate:142533:combined_moderate:2.00,142533,combined_moderate,combined_moderate,2.0,1,0,379746,411746,23.734125,25.734125,False,f9a3807c3514c924
combined_moderate:142533:combined_moderate:3.00:0,combined_moderate:142533:combined_moderate:3.00,142533,combined_moderate,combined_moderate,3.0,1,0,382530,430530,23.908125,26.908125,False,f9a3807c3514c924
combined_moderate:142534:combined_moderate:1.00:0,combined_moderate:142534:combined_moderate:1.00,142534,combined_moderate,combined_moderate,1.0,1,0,46822,62822,2.926375,3.926375,False,f9a3807c3514c924
combined_moderate:142534:combined_moderate:2.00:0,combined_moderate:142534:combined_moderate:2.00,142534,combined_moderate,combined_moderate,2.0,1,0,344090,376090,21.505625,23.505625,False,f9a3807c3514c924
combined_moderate:142534:combined_moderate:3.00:0,combined_moderate:142534:combined_moderate:3.00,142534,combined_moderate,combined_moderate,3.0,1,0,348464,396464,21.779,24.779,False,f9a3807c3514c924
combined_moderate:142535:combined_moderate:1.00:0,combined_moderate:142535:combined_moderate:1.00,142535,combined_moderate,combined_moderate,1.0,1,0,36477,52477,2.2798125,3.2798125,False,f9a3807c3514c924
combined_moderate:142535:combined_moderate:2.00:0,combined_moderate:142535:combined_moderate:2.00,142535,combined_moderate,combined_moderate,2.0,1,0,383689,415689,23.9805625,25.9805625,False,f9a3807c3514c924
combined_moderate:142535:combined_moderate:3.00:0,combined_moderate:142535:combined_moderate:3.00,142535,combined_moderate,combined_moderate,3.0,1,0,283986,331986,17.749125,20.749125,False,f9a3807c3514c924
combined_moderate:142536:combined_moderate:1.00:0,combined_moderate:142536:combined_moderate:1.00,142536,combined_moderate,combined_moderate,1.0,1,0,375073,391073,23.4420625,24.4420625,False,f9a3807c3514c924
combined_moderate:142536:combined_moderate:2.00:0,combined_moderate:142536:combined_moderate:2.00,142536,combined_moderate,combined_moderate,2.0,1,0,331308,363308,20.70675,22.70675,False,f9a3807c3514c924
combined_moderate:142536:combined_moderate:3.00:0,combined_moderate:142536:combined_moderate:3.00,142536,combined_moderate,combined_moderate,3.0,1,0,380207,428207,23.7629375,26.7629375,False,f9a3807c3514c924
combined_moderate:142537:combined_moderate:1.00:0,combined_moderate:142537:combined_moderate:1.00,142537,combined_moderate,combined_moderate,1.0,1,0,308953,324953,19.3095625,20.3095625,False,f9a3807c3514c924
combined_moderate:142537:combined_moderate:2.00:0,combined_moderate:142537:combined_moderate:2.00,142537,combined_moderate,combined_moderate,2.0,1,0,433884,465884,27.11775,29.11775,False,f9a3807c3514c924
combined_moderate:142537:combined_moderate:3.00:0,combined_moderate:142537:combined_moderate:3.00,142537,combined_moderate,combined_moderate,3.0,1,0,78654,126654,4.915875,7.915875,False,f9a3807c3514c924
combined_moderate:142538:combined_moderate:1.00:0,combined_moderate:142538:combined_moderate:1.00,142538,combined_moderate,combined_moderate,1.0,1,0,45420,61420,2.83875,3.83875,False,f9a3807c3514c924
combined_moderate:142538:combined_moderate:2.00:0,combined_moderate:142538:combined_moderate:2.00,142538,combined_moderate,combined_moderate,2.0,1,0,153815,185815,9.6134375,11.6134375,False,f9a3807c3514c924
combined_moderate:142538:combined_moderate:3.00:0,combined_moderate:142538:combined_moderate:3.00,142538,combined_moderate,combined_moderate,3.0,1,0,308249,356249,19.2655625,22.2655625,False,f9a3807c3514c924
combined_moderate:142539:combined_moderate:1.00:0,combined_moderate:142539:combined_moderate:1.00,142539,combined_moderate,combined_moderate,1.0,1,0,320331,336331,20.0206875,21.0206875,False,f9a3807c3514c924
combined_moderate:142539:combined_moderate:2.00:0,combined_moderate:142539:combined_moderate:2.00,142539,combined_moderate,combined_moderate,2.0,1,0,357004,389004,22.31275,24.31275,False,f9a3807c3514c924
combined_moderate:142539:combined_moderate:3.00:0,combined_moderate:142539:combined_moderate:3.00,142539,combined_moderate,combined_moderate,3.0,1,0,155689,203689,9.7305625,12.7305625,False,f9a3807c3514c924
combined_moderate:144212:combined_moderate:1.00:0,combined_moderate:144212:combined_moderate:1.00,144212,combined_moderate,combined_moderate,1.0,1,0,458069,474069,28.6293125,29.6293125,False,f9a3807c3514c924
combined_moderate:144212:combined_moderate:2.00:0,combined_moderate:144212:combined_moderate:2.00,144212,combined_moderate,combined_moderate,2.0,1,0,99720,131720,6.2325,8.2325,False,f9a3807c3514c924
combined_moderate:144212:combined_moderate:3.00:0,combined_moderate:144212:combined_moderate:3.00,144212,combined_moderate,combined_moderate,3.0,1,0,55215,103215,3.4509375,6.4509375,False,f9a3807c3514c924
combined_moderate:144213:combined_moderate:1.00:0,combined_moderate:144213:combined_moderate:1.00,144213,combined_moderate,combined_moderate,1.0,1,0,141288,157288,8.8305,9.8305,False,f9a3807c3514c924
combined_moderate:144213:combined_moderate:2.00:0,combined_moderate:144213:combined_moderate:2.00,144213,combined_moderate,combined_moderate,2.0,1,0,309697,341697,19.3560625,21.3560625,False,f9a3807c3514c924
combined_moderate:144213:combined_moderate:3.00:0,combined_moderate:144213:combined_moderate:3.00,144213,combined_moderate,combined_moderate,3.0,1,0,114609,162609,7.1630625,10.1630625,False,f9a3807c3514c924
combined_moderate:144214:combined_moderate:1.00:0,combined_moderate:144214:combined_moderate:1.00,144214,combined_moderate,combined_moderate,1.0,1,0,123945,139945,7.7465625,8.7465625,False,f9a3807c3514c924
combined_moderate:144214:combined_moderate:2.00:0,combined_moderate:144214:combined_moderate:2.00,144214,combined_moderate,combined_moderate,2.0,1,0,354887,386887,22.1804375,24.1804375,False,f9a3807c3514c924
combined_moderate:144214:combined_moderate:3.00:0,combined_moderate:144214:combined_moderate:3.00,144214,combined_moderate,combined_moderate,3.0,1,0,295483,343483,18.4676875,21.4676875,False,f9a3807c3514c924
combined_moderate:144215:combined_moderate:1.00:0,combined_moderate:144215:combined_moderate:1.00,144215,combined_moderate,combined_moderate,1.0,1,0,105568,121568,6.598,7.598,False,f9a3807c3514c924
combined_moderate:144215:combined_moderate:2.00:0,combined_moderate:144215:combined_moderate:2.00,144215,combined_moderate,combined_moderate,2.0,1,0,336888,368888,21.0555,23.0555,False,f9a3807c3514c924
combined_moderate:144215:combined_moderate:3.00:0,combined_moderate:144215:combined_moderate:3.00,144215,combined_moderate,combined_moderate,3.0,1,0,281573,329573,17.5983125,20.5983125,False,f9a3807c3514c924
combined_moderate:144216:combined_moderate:1.00:0,combined_moderate:144216:combined_moderate:1.00,144216,combined_moderate,combined_moderate,1.0,1,0,5494,21494,0.343375,1.343375,False,f9a3807c3514c924
combined_moderate:144216:combined_moderate:2.00:0,combined_moderate:144216:combined_moderate:2.00,144216,combined_moderate,combined_moderate,2.0,1,0,164485,196485,10.2803125,12.2803125,False,f9a3807c3514c924
combined_moderate:144216:combined_moderate:3.00:0,combined_moderate:144216:combined_moderate:3.00,144216,combined_moderate,combined_moderate,3.0,1,0,266200,314200,16.6375,19.6375,False,f9a3807c3514c924
combined_moderate:144592:combined_moderate:1.00:0,combined_moderate:144592:combined_moderate:1.00,144592,combined_moderate,combined_moderate,1.0,1,0,305753,321753,19.1095625,20.1095625,False,f9a3807c3514c924
combined_moderate:144592:combined_moderate:2.00:0,combined_moderate:144592:combined_moderate:2.00,144592,combined_moderate,combined_moderate,2.0,1,0,314155,346155,19.6346875,21.6346875,False,f9a3807c3514c924
combined_moderate:144592:combined_moderate:3.00:0,combined_moderate:144592:combined_moderate:3.00,144592,combined_moderate,combined_moderate,3.0,1,0,269194,317194,16.824625,19.824625,False,f9a3807c3514c924
combined_moderate:145067:combined_moderate:1.00:0,combined_moderate:145067:combined_moderate:1.00,145067,combined_moderate,combined_moderate,1.0,1,0,171738,187738,10.733625,11.733625,False,f9a3807c3514c924
combined_moderate:145067:combined_moderate:2.00:0,combined_moderate:145067:combined_moderate:2.00,145067,combined_moderate,combined_moderate,2.0,1,0,19745,51745,1.2340625,3.2340625,False,f9a3807c3514c924
combined_moderate:145067:combined_moderate:3.00:0,combined_moderate:145067:combined_moderate:3.00,145067,combined_moderate,combined_moderate,3.0,1,0,41786,89786,2.611625,5.611625,False,f9a3807c3514c924
combined_moderate:145068:combined_moderate:1.00:0,combined_moderate:145068:combined_moderate:1.00,145068,combined_moderate,combined_moderate,1.0,1,0,47382,63382,2.961375,3.961375,False,f9a3807c3514c924
combined_moderate:145068:combined_moderate:2.00:0,combined_moderate:145068:combined_moderate:2.00,145068,combined_moderate,combined_moderate,2.0,1,0,168555,200555,10.5346875,12.5346875,False,f9a3807c3514c924
combined_moderate:145068:combined_moderate:3.00:0,combined_moderate:145068:combined_moderate:3.00,145068,combined_moderate,combined_moderate,3.0,1,0,140216,188216,8.7635,11.7635,False,f9a3807c3514c924
combined_moderate:145457:combined_moderate:1.00:0,combined_moderate:145457:combined_moderate:1.00,145457,combined_moderate,combined_moderate,1.0,1,0,286698,302698,17.918625,18.918625,False,f9a3807c3514c924
combined_moderate:145457:combined_moderate:2.00:0,combined_moderate:145457:combined_moderate:2.00,145457,combined_moderate,combined_moderate,2.0,1,0,148442,180442,9.277625,11.277625,False,f9a3807c3514c924
combined_moderate:145457:combined_moderate:3.00:0,combined_moderate:145457:combined_moderate:3.00,145457,combined_moderate,combined_moderate,3.0,1,0,299171,347171,18.6981875,21.6981875,False,f9a3807c3514c924
combined_moderate:145458:combined_moderate:1.00:0,combined_moderate:145458:combined_moderate:1.00,145458,combined_moderate,combined_moderate,1.0,1,0,386099,402099,24.1311875,25.1311875,False,f9a3807c3514c924
combined_moderate:145458:combined_moderate:2.00:0,combined_moderate:145458:combined_moderate:2.00,145458,combined_moderate,combined_moderate,2.0,1,0,95404,127404,5.96275,7.96275,False,f9a3807c3514c924
combined_moderate:145458:combined_moderate:3.00:0,combined_moderate:145458:combined_moderate:3.00,145458,combined_moderate,combined_moderate,3.0,1,0,396450,444450,24.778125,27.778125,False,f9a3807c3514c924
combined_moderate:145475:combined_moderate:1.00:0,combined_moderate:145475:combined_moderate:1.00,145475,combined_moderate,combined_moderate,1.0,1,0,330937,346937,20.6835625,21.6835625,False,f9a3807c3514c924
combined_moderate:145475:combined_moderate:2.00:0,combined_moderate:145475:combined_moderate:2.00,145475,combined_moderate,combined_moderate,2.0,1,0,51904,83904,3.244,5.244,False,f9a3807c3514c924
combined_moderate:145475:combined_moderate:3.00:0,combined_moderate:145475:combined_moderate:3.00,145475,combined_moderate,combined_moderate,3.0,1,0,293764,341764,18.36025,21.36025,False,f9a3807c3514c924
combined_moderate:145476:combined_moderate:1.00:0,combined_moderate:145476:combined_moderate:1.00,145476,combined_moderate,combined_moderate,1.0,1,0,9874,25874,0.617125,1.617125,False,f9a3807c3514c924
combined_moderate:145476:combined_moderate:2.00:0,combined_moderate:145476:combined_moderate:2.00,145476,combined_moderate,combined_moderate,2.0,1,0,29020,61020,1.81375,3.81375,False,f9a3807c3514c924
combined_moderate:145476:combined_moderate:3.00:0,combined_moderate:145476:combined_moderate:3.00,145476,combined_moderate,combined_moderate,3.0,1,0,133917,181917,8.3698125,11.3698125,False,f9a3807c3514c924
combined_moderate:145477:combined_moderate:1.00:0,combined_moderate:145477:combined_moderate:1.00,145477,combined_moderate,combined_moderate,1.0,1,0,323622,339622,20.226375,21.226375,False,f9a3807c3514c924
combined_moderate:145477:combined_moderate:2.00:0,combined_moderate:145477:combined_moderate:2.00,145477,combined_moderate,combined_moderate,2.0,1,0,103026,135026,6.439125,8.439125,False,f9a3807c3514c924
combined_moderate:145477:combined_moderate:3.00:0,combined_moderate:145477:combined_moderate:3.00,145477,combined_moderate,combined_moderate,3.0,1,0,325683,373683,20.3551875,23.3551875,False,f9a3807c3514c924
combined_moderate:145747:combined_moderate:1.00:0,combined_moderate:145747:combined_moderate:1.00,145747,combined_moderate,combined_moderate,1.0,1,0,375835,391835,23.4896875,24.4896875,False,f9a3807c3514c924
combined_moderate:145747:combined_moderate:2.00:0,combined_moderate:145747:combined_moderate:2.00,145747,combined_moderate,combined_moderate,2.0,1,0,421445,453445,26.3403125,28.3403125,False,f9a3807c3514c924
combined_moderate:145747:combined_moderate:3.00:0,combined_moderate:145747:combined_moderate:3.00,145747,combined_moderate,combined_moderate,3.0,1,0,387833,435833,24.2395625,27.2395625,False,f9a3807c3514c924
combined_moderate:145748:combined_moderate:1.00:0,combined_moderate:145748:combined_moderate:1.00,145748,combined_moderate,combined_moderate,1.0,1,0,457469,473469,28.5918125,29.5918125,False,f9a3807c3514c924
combined_moderate:145748:combined_moderate:2.00:0,combined_moderate:145748:combined_moderate:2.00,145748,combined_moderate,combined_moderate,2.0,1,0,80510,112510,5.031875,7.031875,False,f9a3807c3514c924
combined_moderate:145748:combined_moderate:3.00:0,combined_moderate:145748:combined_moderate:3.00,145748,combined_moderate,combined_moderate,3.0,1,0,381166,429166,23.822875,26.822875,False,f9a3807c3514c924
combined_moderate:145749:combined_moderate:1.00:0,combined_moderate:145749:combined_moderate:1.00,145749,combined_moderate,combined_moderate,1.0,1,0,38225,54225,2.3890625,3.3890625,False,f9a3807c3514c924
combined_moderate:145749:combined_moderate:2.00:0,combined_moderate:145749:combined_moderate:2.00,145749,combined_moderate,combined_moderate,2.0,1,0,282274,314274,17.642125,19.642125,False,f9a3807c3514c924
combined_moderate:145749:combined_moderate:3.00:0,combined_moderate:145749:combined_moderate:3.00,145749,combined_moderate,combined_moderate,3.0,1,0,418882,466882,26.180125,29.180125,False,f9a3807c3514c924
combined_moderate:145750:combined_moderate:1.00:0,combined_moderate:145750:combined_moderate:1.00,145750,combined_moderate,combined_moderate,1.0,1,0,379369,395369,23.7105625,24.7105625,False,f9a3807c3514c924
combined_moderate:145750:combined_moderate:2.00:0,combined_moderate:145750:combined_moderate:2.00,145750,combined_moderate,combined_moderate,2.0,1,0,61001,93001,3.8125625,5.8125625,False,f9a3807c3514c924
combined_moderate:145750:combined_moderate:3.00:0,combined_moderate:145750:combined_moderate:3.00,145750,combined_moderate,combined_moderate,3.0,1,0,418069,466069,26.1293125,29.1293125,False,f9a3807c3514c924
combined_moderate:145751:combined_moderate:1.00:0,combined_moderate:145751:combined_moderate:1.00,145751,combined_moderate,combined_moderate,1.0,1,0,432217,448217,27.0135625,28.0135625,False,f9a3807c3514c924
combined_moderate:145751:combined_moderate:2.00:0,combined_moderate:145751:combined_moderate:2.00,145751,combined_moderate,combined_moderate,2.0,1,0,164122,196122,10.257625,12.257625,False,f9a3807c3514c924
combined_moderate:145751:combined_moderate:3.00:0,combined_moderate:145751:combined_moderate:3.00,145751,combined_moderate,combined_moderate,3.0,1,0,359565,407565,22.4728125,25.4728125,False,f9a3807c3514c924
combined_moderate:145762:combined_moderate:1.00:0,combined_moderate:145762:combined_moderate:1.00,145762,combined_moderate,combined_moderate,1.0,1,0,388472,404472,24.2795,25.2795,False,f9a3807c3514c924
combined_moderate:145762:combined_moderate:2.00:0,combined_moderate:145762:combined_moderate:2.00,145762,combined_moderate,combined_moderate,2.0,1,0,395885,427885,24.7428125,26.7428125,False,f9a3807c3514c924
combined_moderate:145762:combined_moderate:3.00:0,combined_moderate:145762:combined_moderate:3.00,145762,combined_moderate,combined_moderate,3.0,1,0,96649,144649,6.0405625,9.0405625,False,f9a3807c3514c924
combined_moderate:145777:combined_moderate:1.00:0,combined_moderate:145777:combined_moderate:1.00,145777,combined_moderate,combined_moderate,1.0,1,0,430693,446693,26.9183125,27.9183125,False,f9a3807c3514c924
combined_moderate:145777:combined_moderate:2.00:0,combined_moderate:145777:combined_moderate:2.00,145777,combined_moderate,combined_moderate,2.0,1,0,353345,385345,22.0840625,24.0840625,False,f9a3807c3514c924
combined_moderate:145777:combined_moderate:3.00:0,combined_moderate:145777:combined_moderate:3.00,145777,combined_moderate,combined_moderate,3.0,1,0,50411,98411,3.1506875,6.1506875,False,f9a3807c3514c924
combined_moderate:145887:combined_moderate:1.00:0,combined_moderate:145887:combined_moderate:1.00,145887,combined_moderate,combined_moderate,1.0,1,0,342323,358323,21.3951875,22.3951875,False,f9a3807c3514c924
combined_moderate:145887:combined_moderate:2.00:0,combined_moderate:145887:combined_moderate:2.00,145887,combined_moderate,combined_moderate,2.0,1,0,311328,343328,19.458,21.458,False,f9a3807c3514c924
combined_moderate:145887:combined_moderate:3.00:0,combined_moderate:145887:combined_moderate:3.00,145887,combined_moderate,combined_moderate,3.0,1,0,337428,385428,21.08925,24.08925,False,f9a3807c3514c924
combined_moderate:147020:combined_moderate:1.00:0,combined_moderate:147020:combined_moderate:1.00,147020,combined_moderate,combined_moderate,1.0,1,0,409572,425572,25.59825,26.59825,False,f9a3807c3514c924
combined_moderate:147020:combined_moderate:2.00:0,combined_moderate:147020:combined_moderate:2.00,147020,combined_moderate,combined_moderate,2.0,1,0,64420,96420,4.02625,6.02625,False,f9a3807c3514c924
combined_moderate:147020:combined_moderate:3.00:0,combined_moderate:147020:combined_moderate:3.00,147020,combined_moderate,combined_moderate,3.0,1,0,88146,136146,5.509125,8.509125,False,f9a3807c3514c924
combined_moderate:147021:combined_moderate:1.00:0,combined_moderate:147021:combined_moderate:1.00,147021,combined_moderate,combined_moderate,1.0,1,0,62590,78590,3.911875,4.911875,False,f9a3807c3514c924
combined_moderate:147021:combined_moderate:2.00:0,combined_moderate:147021:combined_moderate:2.00,147021,combined_moderate,combined_moderate,2.0,1,0,161183,193183,10.0739375,12.0739375,False,f9a3807c3514c924
combined_moderate:147021:combined_moderate:3.00:0,combined_moderate:147021:combined_moderate:3.00,147021,combined_moderate,combined_moderate,3.0,1,0,158513,206513,9.9070625,12.9070625,False,f9a3807c3514c924
combined_moderate:147022:combined_moderate:1.00:0,combined_moderate:147022:combined_moderate:1.00,147022,combined_moderate,combined_moderate,1.0,1,0,96868,112868,6.05425,7.05425,False,f9a3807c3514c924
combined_moderate:147022:combined_moderate:2.00:0,combined_moderate:147022:combined_moderate:2.00,147022,combined_moderate,combined_moderate,2.0,1,0,370514,402514,23.157125,25.157125,False,f9a3807c3514c924
combined_moderate:147022:combined_moderate:3.00:0,combined_moderate:147022:combined_moderate:3.00,147022,combined_moderate,combined_moderate,3.0,1,0,273787,321787,17.1116875,20.1116875,False,f9a3807c3514c924
combined_moderate:147023:combined_moderate:1.00:0,combined_moderate:147023:combined_moderate:1.00,147023,combined_moderate,combined_moderate,1.0,1,0,61193,77193,3.8245625,4.8245625,False,f9a3807c3514c924
combined_moderate:147023:combined_moderate:2.00:0,combined_moderate:147023:combined_moderate:2.00,147023,combined_moderate,combined_moderate,2.0,1,0,51408,83408,3.213,5.213,False,f9a3807c3514c924
combined_moderate:147023:combined_moderate:3.00:0,combined_moderate:147023:combined_moderate:3.00,147023,combined_moderate,combined_moderate,3.0,1,0,355029,403029,22.1893125,25.1893125,False,f9a3807c3514c924
combined_moderate:147024:combined_moderate:1.00:0,combined_moderate:147024:combined_moderate:1.00,147024,combined_moderate,combined_moderate,1.0,1,0,341970,357970,21.373125,22.373125,False,f9a3807c3514c924
combined_moderate:147024:combined_moderate:2.00:0,combined_moderate:147024:combined_moderate:2.00,147024,combined_moderate,combined_moderate,2.0,1,0,90944,122944,5.684,7.684,False,f9a3807c3514c924
combined_moderate:147024:combined_moderate:3.00:0,combined_moderate:147024:combined_moderate:3.00,147024,combined_moderate,combined_moderate,3.0,1,0,383474,431474,23.967125,26.967125,False,f9a3807c3514c924
combined_moderate:147261:combined_moderate:1.00:0,combined_moderate:147261:combined_moderate:1.00,147261,combined_moderate,combined_moderate,1.0,1,0,347884,363884,21.74275,22.74275,False,f9a3807c3514c924
combined_moderate:147261:combined_moderate:2.00:0,combined_moderate:147261:combined_moderate:2.00,147261,combined_moderate,combined_moderate,2.0,1,0,44988,76988,2.81175,4.81175,False,f9a3807c3514c924
combined_moderate:147261:combined_moderate:3.00:0,combined_moderate:147261:combined_moderate:3.00,147261,combined_moderate,combined_moderate,3.0,1,0,400923,448923,25.0576875,28.0576875,False,f9a3807c3514c924
combined_moderate:148002:combined_moderate:1.00:0,combined_moderate:148002:combined_moderate:1.00,148002,combined_moderate,combined_moderate,1.0,1,0,92099,108099,5.7561875,6.7561875,False,f9a3807c3514c924
combined_moderate:148002:combined_moderate:2.00:0,combined_moderate:148002:combined_moderate:2.00,148002,combined_moderate,combined_moderate,2.0,1,0,298766,330766,18.672875,20.672875,False,f9a3807c3514c924
combined_moderate:148002:combined_moderate:3.00:0,combined_moderate:148002:combined_moderate:3.00,148002,combined_moderate,combined_moderate,3.0,1,0,338194,386194,21.137125,24.137125,False,f9a3807c3514c924
combined_moderate:148028:combined_moderate:1.00:0,combined_moderate:148028:combined_moderate:1.00,148028,combined_moderate,combined_moderate,1.0,1,0,336423,352423,21.0264375,22.0264375,False,f9a3807c3514c924
combined_moderate:148028:combined_moderate:2.00:0,combined_moderate:148028:combined_moderate:2.00,148028,combined_moderate,combined_moderate,2.0,1,0,60312,92312,3.7695,5.7695,False,f9a3807c3514c924
combined_moderate:148028:combined_moderate:3.00:0,combined_moderate:148028:combined_moderate:3.00,148028,combined_moderate,combined_moderate,3.0,1,0,102256,150256,6.391,9.391,False,f9a3807c3514c924
combined_moderate:148031:combined_moderate:1.00:0,combined_moderate:148031:combined_moderate:1.00,148031,combined_moderate,combined_moderate,1.0,1,0,354733,370733,22.1708125,23.1708125,False,f9a3807c3514c924
combined_moderate:148031:combined_moderate:2.00:0,combined_moderate:148031:combined_moderate:2.00,148031,combined_moderate,combined_moderate,2.0,1,0,63644,95644,3.97775,5.97775,False,f9a3807c3514c924
combined_moderate:148031:combined_moderate:3.00:0,combined_moderate:148031:combined_moderate:3.00,148031,combined_moderate,combined_moderate,3.0,1,0,429898,477898,26.868625,29.868625,False,f9a3807c3514c924
combined_moderate:148032:combined_moderate:1.00:0,combined_moderate:148032:combined_moderate:1.00,148032,combined_moderate,combined_moderate,1.0,1,0,395278,411278,24.704875,25.704875,False,f9a3807c3514c924
combined_moderate:148032:combined_moderate:2.00:0,combined_moderate:148032:combined_moderate:2.00,148032,combined_moderate,combined_moderate,2.0,1,0,134753,166753,8.4220625,10.4220625,False,f9a3807c3514c924
combined_moderate:148032:combined_moderate:3.00:0,combined_moderate:148032:combined_moderate:3.00,148032,combined_moderate,combined_moderate,3.0,1,0,168587,216587,10.5366875,13.5366875,False,f9a3807c3514c924
combined_moderate:148082:combined_moderate:1.00:0,combined_moderate:148082:combined_moderate:1.00,148082,combined_moderate,combined_moderate,1.0,1,0,21435,37435,1.3396875,2.3396875,False,f9a3807c3514c924
combined_moderate:148082:combined_moderate:2.00:0,combined_moderate:148082:combined_moderate:2.00,148082,combined_moderate,combined_moderate,2.0,1,0,94971,126971,5.9356875,7.9356875,False,f9a3807c3514c924
combined_moderate:148082:combined_moderate:3.00:0,combined_moderate:148082:combined_moderate:3.00,148082,combined_moderate,combined_moderate,3.0,1,0,99347,147347,6.2091875,9.2091875,False,f9a3807c3514c924
combined_moderate:148430:combined_moderate:1.00:0,combined_moderate:148430:combined_moderate:1.00,148430,combined_moderate,combined_moderate,1.0,1,0,81866,97866,5.116625,6.116625,False,f9a3807c3514c924
combined_moderate:148430:combined_moderate:2.00:0,combined_moderate:148430:combined_moderate:2.00,148430,combined_moderate,combined_moderate,2.0,1,0,99367,131367,6.2104375,8.2104375,False,f9a3807c3514c924
combined_moderate:148430:combined_moderate:3.00:0,combined_moderate:148430:combined_moderate:3.00,148430,combined_moderate,combined_moderate,3.0,1,0,25599,73599,1.5999375,4.5999375,False,f9a3807c3514c924
combined_moderate:148606:combined_moderate:1.00:0,combined_moderate:148606:combined_moderate:1.00,148606,combined_moderate,combined_moderate,1.0,1,0,354799,370799,22.1749375,23.1749375,False,f9a3807c3514c924
combined_moderate:148606:combined_moderate:2.00:0,combined_moderate:148606:combined_moderate:2.00,148606,combined_moderate,combined_moderate,2.0,1,0,13398,45398,0.837375,2.837375,False,f9a3807c3514c924
combined_moderate:148606:combined_moderate:3.00:0,combined_moderate:148606:combined_moderate:3.00,148606,combined_moderate,combined_moderate,3.0,1,0,265181,313181,16.5738125,19.5738125,False,f9a3807c3514c924
combined_moderate:148607:combined_moderate:1.00:0,combined_moderate:148607:combined_moderate:1.00,148607,combined_moderate,combined_moderate,1.0,1,0,325710,341710,20.356875,21.356875,False,f9a3807c3514c924
combined_moderate:148607:combined_moderate:2.00:0,combined_moderate:148607:combined_moderate:2.00,148607,combined_moderate,combined_moderate,2.0,1,0,425973,457973,26.6233125,28.6233125,False,f9a3807c3514c924
combined_moderate:148607:combined_moderate:3.00:0,combined_moderate:148607:combined_moderate:3.00,148607,combined_moderate,combined_moderate,3.0,1,0,350486,398486,21.905375,24.905375,False,f9a3807c3514c924
combined_moderate:148608:combined_moderate:1.00:0,combined_moderate:148608:combined_moderate:1.00,148608,combined_moderate,combined_moderate,1.0,1,0,23058,39058,1.441125,2.441125,False,f9a3807c3514c924
combined_moderate:148608:combined_moderate:2.00:0,combined_moderate:148608:combined_moderate:2.00,148608,combined_moderate,combined_moderate,2.0,1,0,61652,93652,3.85325,5.85325,False,f9a3807c3514c924
combined_moderate:148608:combined_moderate:3.00:0,combined_moderate:148608:combined_moderate:3.00,148608,combined_moderate,combined_moderate,3.0,1,0,94866,142866,5.929125,8.929125,False,f9a3807c3514c924
combined_moderate:148609:combined_moderate:1.00:0,combined_moderate:148609:combined_moderate:1.00,148609,combined_moderate,combined_moderate,1.0,1,0,394230,410230,24.639375,25.639375,False,f9a3807c3514c924
combined_moderate:148609:combined_moderate:2.00:0,combined_moderate:148609:combined_moderate:2.00,148609,combined_moderate,combined_moderate,2.0,1,0,170360,202360,10.6475,12.6475,False,f9a3807c3514c924
combined_moderate:148609:combined_moderate:3.00:0,combined_moderate:148609:combined_moderate:3.00,148609,combined_moderate,combined_moderate,3.0,1,0,277124,325124,17.32025,20.32025,False,f9a3807c3514c924
combined_moderate:148610:combined_moderate:1.00:0,combined_moderate:148610:combined_moderate:1.00,148610,combined_moderate,combined_moderate,1.0,1,0,401150,417150,25.071875,26.071875,False,f9a3807c3514c924
combined_moderate:148610:combined_moderate:2.00:0,combined_moderate:148610:combined_moderate:2.00,148610,combined_moderate,combined_moderate,2.0,1,0,34741,66741,2.1713125,4.1713125,False,f9a3807c3514c924
combined_moderate:148610:combined_moderate:3.00:0,combined_moderate:148610:combined_moderate:3.00,148610,combined_moderate,combined_moderate,3.0,1,0,139494,187494,8.718375,11.718375,False,f9a3807c3514c924
combined_moderate:148611:combined_moderate:1.00:0,combined_moderate:148611:combined_moderate:1.00,148611,combined_moderate,combined_moderate,1.0,1,0,366692,382692,22.91825,23.91825,False,f9a3807c3514c924
combined_moderate:148611:combined_moderate:2.00:0,combined_moderate:148611:combined_moderate:2.00,148611,combined_moderate,combined_moderate,2.0,1,0,442855,474855,27.6784375,29.6784375,False,f9a3807c3514c924
combined_moderate:148611:combined_moderate:3.00:0,combined_moderate:148611:combined_moderate:3.00,148611,combined_moderate,combined_moderate,3.0,1,0,118238,166238,7.389875,10.389875,False,f9a3807c3514c924
combined_moderate:148612:combined_moderate:1.00:0,combined_moderate:148612:combined_moderate:1.00,148612,combined_moderate,combined_moderate,1.0,1,0,421454,437454,26.340875,27.340875,False,f9a3807c3514c924
combined_moderate:148612:combined_moderate:2.00:0,combined_moderate:148612:combined_moderate:2.00,148612,combined_moderate,combined_moderate,2.0,1,0,129197,161197,8.0748125,10.0748125,False,f9a3807c3514c924
combined_moderate:148612:combined_moderate:3.00:0,combined_moderate:148612:combined_moderate:3.00,148612,combined_moderate,combined_moderate,3.0,1,0,10400,58400,0.65,3.65,False,f9a3807c3514c924
combined_moderate:148613:combined_moderate:1.00:0,combined_moderate:148613:combined_moderate:1.00,148613,combined_moderate,combined_moderate,1.0,1,0,14069,30069,0.8793125,1.8793125,False,f9a3807c3514c924
combined_moderate:148613:combined_moderate:2.00:0,combined_moderate:148613:combined_moderate:2.00,148613,combined_moderate,combined_moderate,2.0,1,0,85853,117853,5.3658125,7.3658125,False,f9a3807c3514c924
combined_moderate:148613:combined_moderate:3.00:0,combined_moderate:148613:combined_moderate:3.00,148613,combined_moderate,combined_moderate,3.0,1,0,106448,154448,6.653,9.653,False,f9a3807c3514c924
combined_moderate:149623:combined_moderate:1.00:0,combined_moderate:149623:combined_moderate:1.00,149623,combined_moderate,combined_moderate,1.0,1,0,312742,328742,19.546375,20.546375,False,f9a3807c3514c924
combined_moderate:149623:combined_moderate:2.00:0,combined_moderate:149623:combined_moderate:2.00,149623,combined_moderate,combined_moderate,2.0,1,0,130272,162272,8.142,10.142,False,f9a3807c3514c924
combined_moderate:149623:combined_moderate:3.00:0,combined_moderate:149623:combined_moderate:3.00,149623,combined_moderate,combined_moderate,3.0,1,0,102525,150525,6.4078125,9.4078125,False,f9a3807c3514c924
combined_moderate:149625:combined_moderate:1.00:0,combined_moderate:149625:combined_moderate:1.00,149625,combined_moderate,combined_moderate,1.0,1,0,330100,346100,20.63125,21.63125,False,f9a3807c3514c924
combined_moderate:149625:combined_moderate:2.00:0,combined_moderate:149625:combined_moderate:2.00,149625,combined_moderate,combined_moderate,2.0,1,0,323429,355429,20.2143125,22.2143125,False,f9a3807c3514c924
combined_moderate:149625:combined_moderate:3.00:0,combined_moderate:149625:combined_moderate:3.00,149625,combined_moderate,combined_moderate,3.0,1,0,135434,183434,8.464625,11.464625,False,f9a3807c3514c924
combined_moderate:149626:combined_moderate:1.00:0,combined_moderate:149626:combined_moderate:1.00,149626,combined_moderate,combined_moderate,1.0,1,0,449051,465051,28.0656875,29.0656875,False,f9a3807c3514c924
combined_moderate:149626:combined_moderate:2.00:0,combined_moderate:149626:combined_moderate:2.00,149626,combined_moderate,combined_moderate,2.0,1,0,20238,52238,1.264875,3.264875,False,f9a3807c3514c924
combined_moderate:149626:combined_moderate:3.00:0,combined_moderate:149626:combined_moderate:3.00,149626,combined_moderate,combined_moderate,3.0,1,0,264052,312052,16.50325,19.50325,False,f9a3807c3514c924
combined_moderate:150015:combined_moderate:1.00:0,combined_moderate:150015:combined_moderate:1.00,150015,combined_moderate,combined_moderate,1.0,1,0,155066,171066,9.691625,10.691625,False,f9a3807c3514c924
combined_moderate:150015:combined_moderate:2.00:0,combined_moderate:150015:combined_moderate:2.00,150015,combined_moderate,combined_moderate,2.0,1,0,150592,182592,9.412,11.412,False,f9a3807c3514c924
combined_moderate:150015:combined_moderate:3.00:0,combined_moderate:150015:combined_moderate:3.00,150015,combined_moderate,combined_moderate,3.0,1,0,151367,199367,9.4604375,12.4604375,False,f9a3807c3514c924
combined_moderate:150017:combined_moderate:1.00:0,combined_moderate:150017:combined_moderate:1.00,150017,combined_moderate,combined_moderate,1.0,1,0,20080,36080,1.255,2.255,False,f9a3807c3514c924
combined_moderate:150017:combined_moderate:2.00:0,combined_moderate:150017:combined_moderate:2.00,150017,combined_moderate,combined_moderate,2.0,1,0,122774,154774,7.673375,9.673375,False,f9a3807c3514c924
combined_moderate:150017:combined_moderate:3.00:0,combined_moderate:150017:combined_moderate:3.00,150017,combined_moderate,combined_moderate,3.0,1,0,116169,164169,7.2605625,10.2605625,False,f9a3807c3514c924
combined_moderate:150018:combined_moderate:1.00:0,combined_moderate:150018:combined_moderate:1.00,150018,combined_moderate,combined_moderate,1.0,1,0,139240,155240,8.7025,9.7025,False,f9a3807c3514c924
combined_moderate:150018:combined_moderate:2.00:0,combined_moderate:150018:combined_moderate:2.00,150018,combined_moderate,combined_moderate,2.0,1,0,159145,191145,9.9465625,11.9465625,False,f9a3807c3514c924
combined_moderate:150018:combined_moderate:3.00:0,combined_moderate:150018:combined_moderate:3.00,150018,combined_moderate,combined_moderate,3.0,1,0,347709,395709,21.7318125,24.7318125,False,f9a3807c3514c924
combined_moderate:150287:combined_moderate:1.00:0,combined_moderate:150287:combined_moderate:1.00,150287,combined_moderate,combined_moderate,1.0,1,0,440484,456484,27.53025,28.53025,False,f9a3807c3514c924
combined_moderate:150287:combined_moderate:2.00:0,combined_moderate:150287:combined_moderate:2.00,150287,combined_moderate,combined_moderate,2.0,1,0,28745,60745,1.7965625,3.7965625,False,f9a3807c3514c924
combined_moderate:150287:combined_moderate:3.00:0,combined_moderate:150287:combined_moderate:3.00,150287,combined_moderate,combined_moderate,3.0,1,0,120150,168150,7.509375,10.509375,False,f9a3807c3514c924
combined_moderate:150288:combined_moderate:1.00:0,combined_moderate:150288:combined_moderate:1.00,150288,combined_moderate,combined_moderate,1.0,1,0,16372,32372,1.02325,2.02325,False,f9a3807c3514c924
combined_moderate:150288:combined_moderate:2.00:0,combined_moderate:150288:combined_moderate:2.00,150288,combined_moderate,combined_moderate,2.0,1,0,124567,156567,7.7854375,9.7854375,False,f9a3807c3514c924
combined_moderate:150288:combined_moderate:3.00:0,combined_moderate:150288:combined_moderate:3.00,150288,combined_moderate,combined_moderate,3.0,1,0,275364,323364,17.21025,20.21025,False,f9a3807c3514c924
combined_moderate:154303:combined_moderate:1.00:0,combined_moderate:154303:combined_moderate:1.00,154303,combined_moderate,combined_moderate,1.0,1,0,399884,415884,24.99275,25.99275,False,f9a3807c3514c924
combined_moderate:154303:combined_moderate:2.00:0,combined_moderate:154303:combined_moderate:2.00,154303,combined_moderate,combined_moderate,2.0,1,0,289695,321695,18.1059375,20.1059375,False,f9a3807c3514c924
combined_moderate:154303:combined_moderate:3.00:0,combined_moderate:154303:combined_moderate:3.00,154303,combined_moderate,combined_moderate,3.0,1,0,141181,189181,8.8238125,11.8238125,False,f9a3807c3514c924
combined_moderate:154305:combined_moderate:1.00:0,combined_moderate:154305:combined_moderate:1.00,154305,combined_moderate,combined_moderate,1.0,1,0,403822,419822,25.238875,26.238875,False,f9a3807c3514c924
combined_moderate:154305:combined_moderate:2.00:0,combined_moderate:154305:combined_moderate:2.00,154305,combined_moderate,combined_moderate,2.0,1,0,119798,151798,7.487375,9.487375,False,f9a3807c3514c924
combined_moderate:154305:combined_moderate:3.00:0,combined_moderate:154305:combined_moderate:3.00,154305,combined_moderate,combined_moderate,3.0,1,0,289499,337499,18.0936875,21.0936875,False,f9a3807c3514c924
combined_moderate:154306:combined_moderate:1.00:0,combined_moderate:154306:combined_moderate:1.00,154306,combined_moderate,combined_moderate,1.0,1,0,158784,174784,9.924,10.924,False,f9a3807c3514c924
combined_moderate:154306:combined_moderate:2.00:0,combined_moderate:154306:combined_moderate:2.00,154306,combined_moderate,combined_moderate,2.0,1,0,121267,153267,7.5791875,9.5791875,False,f9a3807c3514c924
combined_moderate:154306:combined_moderate:3.00:0,combined_moderate:154306:combined_moderate:3.00,154306,combined_moderate,combined_moderate,3.0,1,0,296356,344356,18.52225,21.52225,False,f9a3807c3514c924
combined_moderate:154307:combined_moderate:1.00:0,combined_moderate:154307:combined_moderate:1.00,154307,combined_moderate,combined_moderate,1.0,1,0,82202,98202,5.137625,6.137625,False,f9a3807c3514c924
combined_moderate:154307:combined_moderate:2.00:0,combined_moderate:154307:combined_moderate:2.00,154307,combined_moderate,combined_moderate,2.0,1,0,357405,389405,22.3378125,24.3378125,False,f9a3807c3514c924
combined_moderate:154307:combined_moderate:3.00:0,combined_moderate:154307:combined_moderate:3.00,154307,combined_moderate,combined_moderate,3.0,1,0,305557,353557,19.0973125,22.0973125,False,f9a3807c3514c924
combined_moderate:154308:combined_moderate:1.00:0,combined_moderate:154308:combined_moderate:1.00,154308,combined_moderate,combined_moderate,1.0,1,0,24810,40810,1.550625,2.550625,False,f9a3807c3514c924
combined_moderate:154308:combined_moderate:2.00:0,combined_moderate:154308:combined_moderate:2.00,154308,combined_moderate,combined_moderate,2.0,1,0,151620,183620,9.47625,11.47625,False,f9a3807c3514c924
combined_moderate:154308:combined_moderate:3.00:0,combined_moderate:154308:combined_moderate:3.00,154308,combined_moderate,combined_moderate,3.0,1,0,358857,406857,22.4285625,25.4285625,False,f9a3807c3514c924
combined_moderate:154309:combined_moderate:1.00:0,combined_moderate:154309:combined_moderate:1.00,154309,combined_moderate,combined_moderate,1.0,1,0,280238,296238,17.514875,18.514875,False,f9a3807c3514c924
combined_moderate:154309:combined_moderate:2.00:0,combined_moderate:154309:combined_moderate:2.00,154309,combined_moderate,combined_moderate,2.0,1,0,7928,39928,0.4955,2.4955,False,f9a3807c3514c924
combined_moderate:154309:combined_moderate:3.00:0,combined_moderate:154309:combined_moderate:3.00,154309,combined_moderate,combined_moderate,3.0,1,0,431471,479471,26.9669375,29.9669375,False,f9a3807c3514c924
